lmx0,lmx1,lmx2,lmx3,lmx4,lmx5,lmx6,lmx7,lmx8,lmx9,lmx10,lmx11,lmx12,lmx13,lmx14,lmx15,lmx16,lmx17,lmx18,lmx19,lmx20,lmy0,lmy1,lmy2,lmy3,lmy4,lmy5,lmy6,lmy7,lmy8,lmy9,lmy10,lmy11,lmy12,lmy13,lmy14,lmy15,lmy16,lmy17,lmy18,lmy19,lmy20,lmz0,lmz1,lmz2,lmz3,lmz4,lmz5,lmz6,lmz7,lmz8,lmz9,lmz10,lmz11,lmz12,lmz13,lmz14,lmz15,lmz16,lmz17,lmz18,lmz19,lmz20
0.0,0.0,0.0,0.0,0.0,0.0,0.0,0.0,0.0,0.0,0.0,0.0,0.0,0.0,0.0,0.0,0.0,0.0,0.0,0.0,0.0,0.0,0.0,0.0,0.0,0.0,0.0,0.0,0.0,0.0,0.0,0.0,0.0,0.0,0.0,0.0,0.0,0.0,0.0,0.0,0.0,0.0,0.0,0.0,0.0,0.0,0.0,0.0,0.0,0.0,0.0,0.0,0.0,0.0,0.0,0.0,0.0,0.0,0.0,0.0,0.0,0.0,0.0
0.0,0.0,0.0,0.0,0.0,0.0,0.0,0.0,0.0,0.0,0.0,0.0,0.0,0.0,0.0,0.0,0.0,0.0,0.0,0.0,0.0,0.0,0.0,0.0,0.0,0.0,0.0,0.0,0.0,0.0,0.0,0.0,0.0,0.0,0.0,0.0,0.0,0.0,0.0,0.0,0.0,0.0,0.0,0.0,0.0,0.0,0.0,0.0,0.0,0.0,0.0,0.0,0.0,0.0,0.0,0.0,0.0,0.0,0.0,0.0,0.0,0.0,0.0
0.0,0.0,0.0,0.0,0.0,0.0,0.0,0.0,0.0,0.0,0.0,0.0,0.0,0.0,0.0,0.0,0.0,0.0,0.0,0.0,0.0,0.0,0.0,0.0,0.0,0.0,0.0,0.0,0.0,0.0,0.0,0.0,0.0,0.0,0.0,0.0,0.0,0.0,0.0,0.0,0.0,0.0,0.0,0.0,0.0,0.0,0.0,0.0,0.0,0.0,0.0,0.0,0.0,0.0,0.0,0.0,0.0,0.0,0.0,0.0,0.0,0.0,0.0
0.0,0.0,0.0,0.0,0.0,0.0,0.0,0.0,0.0,0.0,0.0,0.0,0.0,0.0,0.0,0.0,0.0,0.0,0.0,0.0,0.0,0.0,0.0,0.0,0.0,0.0,0.0,0.0,0.0,0.0,0.0,0.0,0.0,0.0,0.0,0.0,0.0,0.0,0.0,0.0,0.0,0.0,0.0,0.0,0.0,0.0,0.0,0.0,0.0,0.0,0.0,0.0,0.0,0.0,0.0,0.0,0.0,0.0,0.0,0.0,0.0,0.0,0.0
0.0,0.0,0.0,0.0,0.0,0.0,0.0,0.0,0.0,0.0,0.0,0.0,0.0,0.0,0.0,0.0,0.0,0.0,0.0,0.0,0.0,0.0,0.0,0.0,0.0,0.0,0.0,0.0,0.0,0.0,0.0,0.0,0.0,0.0,0.0,0.0,0.0,0.0,0.0,0.0,0.0,0.0,0.0,0.0,0.0,0.0,0.0,0.0,0.0,0.0,0.0,0.0,0.0,0.0,0.0,0.0,0.0,0.0,0.0,0.0,0.0,0.0,0.0
0.0,0.0,0.0,0.0,0.0,0.0,0.0,0.0,0.0,0.0,0.0,0.0,0.0,0.0,0.0,0.0,0.0,0.0,0.0,0.0,0.0,0.0,0.0,0.0,0.0,0.0,0.0,0.0,0.0,0.0,0.0,0.0,0.0,0.0,0.0,0.0,0.0,0.0,0.0,0.0,0.0,0.0,0.0,0.0,0.0,0.0,0.0,0.0,0.0,0.0,0.0,0.0,0.0,0.0,0.0,0.0,0.0,0.0,0.0,0.0,0.0,0.0,0.0
0.0,0.0,0.0,0.0,0.0,0.0,0.0,0.0,0.0,0.0,0.0,0.0,0.0,0.0,0.0,0.0,0.0,0.0,0.0,0.0,0.0,0.0,0.0,0.0,0.0,0.0,0.0,0.0,0.0,0.0,0.0,0.0,0.0,0.0,0.0,0.0,0.0,0.0,0.0,0.0,0.0,0.0,0.0,0.0,0.0,0.0,0.0,0.0,0.0,0.0,0.0,0.0,0.0,0.0,0.0,0.0,0.0,0.0,0.0,0.0,0.0,0.0,0.0
0.0,0.0,0.0,0.0,0.0,0.0,0.0,0.0,0.0,0.0,0.0,0.0,0.0,0.0,0.0,0.0,0.0,0.0,0.0,0.0,0.0,0.0,0.0,0.0,0.0,0.0,0.0,0.0,0.0,0.0,0.0,0.0,0.0,0.0,0.0,0.0,0.0,0.0,0.0,0.0,0.0,0.0,0.0,0.0,0.0,0.0,0.0,0.0,0.0,0.0,0.0,0.0,0.0,0.0,0.0,0.0,0.0,0.0,0.0,0.0,0.0,0.0,0.0
0.0,0.0,0.0,0.0,0.0,0.0,0.0,0.0,0.0,0.0,0.0,0.0,0.0,0.0,0.0,0.0,0.0,0.0,0.0,0.0,0.0,0.0,0.0,0.0,0.0,0.0,0.0,0.0,0.0,0.0,0.0,0.0,0.0,0.0,0.0,0.0,0.0,0.0,0.0,0.0,0.0,0.0,0.0,0.0,0.0,0.0,0.0,0.0,0.0,0.0,0.0,0.0,0.0,0.0,0.0,0.0,0.0,0.0,0.0,0.0,0.0,0.0,0.0
0.0,0.0,0.0,0.0,0.0,0.0,0.0,0.0,0.0,0.0,0.0,0.0,0.0,0.0,0.0,0.0,0.0,0.0,0.0,0.0,0.0,0.0,0.0,0.0,0.0,0.0,0.0,0.0,0.0,0.0,0.0,0.0,0.0,0.0,0.0,0.0,0.0,0.0,0.0,0.0,0.0,0.0,0.0,0.0,0.0,0.0,0.0,0.0,0.0,0.0,0.0,0.0,0.0,0.0,0.0,0.0,0.0,0.0,0.0,0.0,0.0,0.0,0.0
0.0,0.0,0.0,0.0,0.0,0.0,0.0,0.0,0.0,0.0,0.0,0.0,0.0,0.0,0.0,0.0,0.0,0.0,0.0,0.0,0.0,0.0,0.0,0.0,0.0,0.0,0.0,0.0,0.0,0.0,0.0,0.0,0.0,0.0,0.0,0.0,0.0,0.0,0.0,0.0,0.0,0.0,0.0,0.0,0.0,0.0,0.0,0.0,0.0,0.0,0.0,0.0,0.0,0.0,0.0,0.0,0.0,0.0,0.0,0.0,0.0,0.0,0.0
0.0,0.0,0.0,0.0,0.0,0.0,0.0,0.0,0.0,0.0,0.0,0.0,0.0,0.0,0.0,0.0,0.0,0.0,0.0,0.0,0.0,0.0,0.0,0.0,0.0,0.0,0.0,0.0,0.0,0.0,0.0,0.0,0.0,0.0,0.0,0.0,0.0,0.0,0.0,0.0,0.0,0.0,0.0,0.0,0.0,0.0,0.0,0.0,0.0,0.0,0.0,0.0,0.0,0.0,0.0,0.0,0.0,0.0,0.0,0.0,0.0,0.0,0.0
0.0,0.0,0.0,0.0,0.0,0.0,0.0,0.0,0.0,0.0,0.0,0.0,0.0,0.0,0.0,0.0,0.0,0.0,0.0,0.0,0.0,0.0,0.0,0.0,0.0,0.0,0.0,0.0,0.0,0.0,0.0,0.0,0.0,0.0,0.0,0.0,0.0,0.0,0.0,0.0,0.0,0.0,0.0,0.0,0.0,0.0,0.0,0.0,0.0,0.0,0.0,0.0,0.0,0.0,0.0,0.0,0.0,0.0,0.0,0.0,0.0,0.0,0.0
0.0,0.0,0.0,0.0,0.0,0.0,0.0,0.0,0.0,0.0,0.0,0.0,0.0,0.0,0.0,0.0,0.0,0.0,0.0,0.0,0.0,0.0,0.0,0.0,0.0,0.0,0.0,0.0,0.0,0.0,0.0,0.0,0.0,0.0,0.0,0.0,0.0,0.0,0.0,0.0,0.0,0.0,0.0,0.0,0.0,0.0,0.0,0.0,0.0,0.0,0.0,0.0,0.0,0.0,0.0,0.0,0.0,0.0,0.0,0.0,0.0,0.0,0.0
0.0,0.0,0.0,0.0,0.0,0.0,0.0,0.0,0.0,0.0,0.0,0.0,0.0,0.0,0.0,0.0,0.0,0.0,0.0,0.0,0.0,0.0,0.0,0.0,0.0,0.0,0.0,0.0,0.0,0.0,0.0,0.0,0.0,0.0,0.0,0.0,0.0,0.0,0.0,0.0,0.0,0.0,0.0,0.0,0.0,0.0,0.0,0.0,0.0,0.0,0.0,0.0,0.0,0.0,0.0,0.0,0.0,0.0,0.0,0.0,0.0,0.0,0.0
0.0,0.0,0.0,0.0,0.0,0.0,0.0,0.0,0.0,0.0,0.0,0.0,0.0,0.0,0.0,0.0,0.0,0.0,0.0,0.0,0.0,0.0,0.0,0.0,0.0,0.0,0.0,0.0,0.0,0.0,0.0,0.0,0.0,0.0,0.0,0.0,0.0,0.0,0.0,0.0,0.0,0.0,0.0,0.0,0.0,0.0,0.0,0.0,0.0,0.0,0.0,0.0,0.0,0.0,0.0,0.0,0.0,0.0,0.0,0.0,0.0,0.0,0.0
0.0,0.0,0.0,0.0,0.0,0.0,0.0,0.0,0.0,0.0,0.0,0.0,0.0,0.0,0.0,0.0,0.0,0.0,0.0,0.0,0.0,0.0,0.0,0.0,0.0,0.0,0.0,0.0,0.0,0.0,0.0,0.0,0.0,0.0,0.0,0.0,0.0,0.0,0.0,0.0,0.0,0.0,0.0,0.0,0.0,0.0,0.0,0.0,0.0,0.0,0.0,0.0,0.0,0.0,0.0,0.0,0.0,0.0,0.0,0.0,0.0,0.0,0.0
0.0,0.0,0.0,0.0,0.0,0.0,0.0,0.0,0.0,0.0,0.0,0.0,0.0,0.0,0.0,0.0,0.0,0.0,0.0,0.0,0.0,0.0,0.0,0.0,0.0,0.0,0.0,0.0,0.0,0.0,0.0,0.0,0.0,0.0,0.0,0.0,0.0,0.0,0.0,0.0,0.0,0.0,0.0,0.0,0.0,0.0,0.0,0.0,0.0,0.0,0.0,0.0,0.0,0.0,0.0,0.0,0.0,0.0,0.0,0.0,0.0,0.0,0.0
0.0,0.0,0.0,0.0,0.0,0.0,0.0,0.0,0.0,0.0,0.0,0.0,0.0,0.0,0.0,0.0,0.0,0.0,0.0,0.0,0.0,0.0,0.0,0.0,0.0,0.0,0.0,0.0,0.0,0.0,0.0,0.0,0.0,0.0,0.0,0.0,0.0,0.0,0.0,0.0,0.0,0.0,0.0,0.0,0.0,0.0,0.0,0.0,0.0,0.0,0.0,0.0,0.0,0.0,0.0,0.0,0.0,0.0,0.0,0.0,0.0,0.0,0.0
0.0,0.0,0.0,0.0,0.0,0.0,0.0,0.0,0.0,0.0,0.0,0.0,0.0,0.0,0.0,0.0,0.0,0.0,0.0,0.0,0.0,0.0,0.0,0.0,0.0,0.0,0.0,0.0,0.0,0.0,0.0,0.0,0.0,0.0,0.0,0.0,0.0,0.0,0.0,0.0,0.0,0.0,0.0,0.0,0.0,0.0,0.0,0.0,0.0,0.0,0.0,0.0,0.0,0.0,0.0,0.0,0.0,0.0,0.0,0.0,0.0,0.0,0.0
0.7200164794921875,0.7694978713989258,0.8007246255874634,0.8146743178367615,0.8314974308013916,0.7299802899360657,0.698458194732666,0.683239758014679,0.6715549230575562,0.6950663924217224,0.7244576215744019,0.7752358913421631,0.8056217432022095,0.671535313129425,0.7088486552238464,0.7569764852523804,0.7846627831459045,0.6568071246147156,0.6898618936538696,0.7304011583328247,0.7541645169258118,0.7345762848854065,0.6936892867088318,0.6166021823883057,0.5575029253959656,0.512470006942749,0.5493226051330566,0.47188252210617065,0.40907496213912964,0.36182087659835815,0.5722785592079163,0.5491412878036499,0.5909968614578247,0.6276142597198486,0.6169838309288025,0.6182180643081665,0.664448082447052,0.7015963792800903,0.6724852919578552,0.67613285779953,0.706608772277832,0.7324894070625305,2.474870655078121e-07,-0.02736012451350689,-0.05005667731165886,-0.0711132362484932,-0.09355718642473221,-0.06545735895633698,-0.10741245001554489,-0.133651465177536,-0.15227900445461273,-0.07114192098379135,-0.12564435601234436,-0.14025864005088806,-0.14311586320400238,-0.07808539271354675,-0.13080918788909912,-0.123243048787117,-0.10885754227638245,-0.08657652139663696,-0.128080353140831,-0.12393996119499207,-0.11350584030151367
0.6750929951667786,0.7296336889266968,0.767763614654541,0.7819019556045532,0.7931345701217651,0.7106747627258301,0.6864322423934937,0.6669750809669495,0.6480819582939148,0.6702290177345276,0.7165743112564087,0.7518167495727539,0.7624210119247437,0.6420651078224182,0.6961302757263184,0.7310413122177124,0.7429239749908447,0.622168779373169,0.6757216453552246,0.7080531120300293,0.721368134021759,0.7589569091796875,0.7151520252227783,0.6294985413551331,0.565308153629303,0.5269911289215088,0.567814826965332,0.4797009229660034,0.41210657358169556,0.36235812306404114,0.5890859365463257,0.5565387606620789,0.596583366394043,0.6371799111366272,0.6269850730895996,0.6218038201332092,0.6582546830177307,0.6912716627120972,0.6734796762466431,0.6760114431381226,0.6984186768531799,0.7198337912559509,2.3672274096497858e-07,-0.02579827606678009,-0.04363955557346344,-0.05916732922196388,-0.07502561807632446,-0.05623771250247955,-0.08954357355833054,-0.1094224750995636,-0.12339453399181366,-0.057721611112356186,-0.10107612609863281,-0.11043879389762878,-0.11067919433116913,-0.06033673509955406,-0.10107863694429398,-0.0939926728606224,-0.08186230063438416,-0.06461888551712036,-0.09307282418012619,-0.08805960416793823,-0.07919512689113617
0.6493257284164429,0.7015476226806641,0.7367978692054749,0.7521435618400574,0.7580990195274353,0.6933131217956543,0.6649835109710693,0.6452738046646118,0.6261765956878662,0.6563147902488708,0.6712889075279236,0.7145530581474304,0.7390308380126953,0.6232819557189941,0.6415175199508667,0.6778343319892883,0.6966953277587891,0.5946470499038696,0.6182073354721069,0.6505237221717834,0.6684314012527466,0.7718359231948853,0.7285244464874268,0.6491955518722534,0.5860798358917236,0.5427451729774475,0.571646511554718,0.47788774967193604,0.406080961227417,0.34815919399261475,0.5867456793785095,0.5390101671218872,0.5801256895065308,0.6182141900062561,0.6209761500358582,0.6001315712928772,0.6491672396659851,0.6872461438179016,0.6668717265129089,0.6561686992645264,0.6896621584892273,0.7182827591896057,2.622465729018586e-07,-0.024278583005070686,-0.040991492569446564,-0.0564955435693264,-0.07265429943799973,-0.049136802554130554,-0.08369327336549759,-0.10590649396181107,-0.12166605144739151,-0.0534491166472435,-0.09725015610456467,-0.1085057407617569,-0.109843909740448,-0.05916448310017586,-0.10211014002561569,-0.09334774315357208,-0.07909165322780609,-0.06672842800617218,-0.09845135360956192,-0.09164620190858841,-0.08055451512336731
0.6276658773422241,0.6843953728675842,0.7201647162437439,0.7291716933250427,0.7244938611984253,0.6601959466934204,0.632645308971405,0.6173374056816101,0.6022740602493286,0.6192872524261475,0.6511239409446716,0.6918372511863708,0.715065062046051,0.5857014656066895,0.6331611275672913,0.6670697331428528,0.6810817122459412,0.5607284903526306,0.6070734262466431,0.6396378874778748,0.6544153690338135,0.7532737255096436,0.7150329351425171,0.6339172124862671,0.578437328338623,0.544356107711792,0.5386794209480286,0.4323650598526001,0.3603507876396179,0.3002091944217682,0.5534771680831909,0.5171050429344177,0.5552927255630493,0.5932539701461792,0.5866636633872986,0.5892022848129272,0.6498141884803772,0.6955430507659912,0.6336614489555359,0.637874960899353,0.6802366375923157,0.7144099473953247,4.182428767762758e-07,-0.02201239764690399,-0.034352418035268784,-0.04733212664723396,-0.060269132256507874,-0.03624047338962555,-0.06500256061553955,-0.08449509739875793,-0.09844084829092026,-0.04137604311108589,-0.08601517975330353,-0.10127364099025726,-0.1028188169002533,-0.047723639756441116,-0.09203348308801651,-0.0879153460264206,-0.07363983243703842,-0.05574066564440727,-0.0872136801481247,-0.08004825562238693,-0.06622100621461868
0.6172502040863037,0.6687116026878357,0.6992440223693848,0.7090939879417419,0.7102136611938477,0.6494033336639404,0.6226645112037659,0.6034578084945679,0.5821268558502197,0.6032379269599915,0.5929245948791504,0.6110270023345947,0.623690664768219,0.5670691728591919,0.6047244071960449,0.6433950066566467,0.6624336838722229,0.5398740768432617,0.5857897400856018,0.6212642192840576,0.6368432641029358,0.7528104186058044,0.7110386490821838,0.6356856822967529,0.584997296333313,0.5447958707809448,0.5247986316680908,0.40319475531578064,0.32049989700317383,0.2507329285144806,0.539318323135376,0.45974940061569214,0.4486762285232544,0.4424014985561371,0.5767725706100464,0.5783988833427429,0.6396428942680359,0.6872607469558716,0.629206657409668,0.6421968936920166,0.6849647760391235,0.7183680534362793,5.390461410570424e-07,-0.026218855753540993,-0.04418667405843735,-0.06254848092794418,-0.08001460880041122,-0.04916642606258392,-0.08651203662157059,-0.1071205660700798,-0.11972986161708832,-0.05665237456560135,-0.1016453206539154,-0.11643536388874054,-0.11824348568916321,-0.06587672233581543,-0.11745258420705795,-0.11353304982185364,-0.09661304950714111,-0.07700217515230179,-0.1127551719546318,-0.10535857081413269,-0.09014013409614563
0.6124294400215149,0.6605072021484375,0.6874604225158691,0.7010392546653748,0.7078610062599182,0.6364855170249939,0.6090921759605408,0.5901179313659668,0.571000337600708,0.58551424741745,0.6285214424133301,0.6720073223114014,0.6946276426315308,0.5492583513259888,0.605448305606842,0.6407405138015747,0.6534647345542908,0.5233362913131714,0.5762017965316772,0.6104491353034973,0.62490314245224,0.7437689304351807,0.6911422610282898,0.6308242082595825,0.5869127511978149,0.5497459769248962,0.491712749004364,0.3785003125667572,0.30155283212661743,0.23805341124534607,0.5089389085769653,0.5146452784538269,0.5919699668884277,0.6456608772277832,0.5538517832756042,0.5953197479248047,0.6573357582092285,0.6972914934158325,0.6113427877426147,0.6458156704902649,0.6896004676818848,0.7151405811309814,1.665190723088017e-07,-0.026322977617383003,-0.05362849310040474,-0.08157310634851456,-0.10805369913578033,-0.061409641057252884,-0.1047779843211174,-0.1302388608455658,-0.1472073793411255,-0.06941848248243332,-0.12927256524562836,-0.1397193968296051,-0.1356731653213501,-0.07886848598718643,-0.12856708467006683,-0.1144128143787384,-0.09419631958007812,-0.09165987372398376,-0.12268168479204178,-0.11084526777267456,-0.0938519537448883
0.6038433909416199,0.6510350704193115,0.680718183517456,0.6996659636497498,0.7130894660949707,0.6261971592903137,0.6032266020774841,0.5869524478912354,0.571316123008728,0.5699314475059509,0.620912492275238,0.6669550538063049,0.6930551528930664,0.531073808670044,0.593364953994751,0.6300270557403564,0.6477816700935364,0.504801869392395,0.5590800642967224,0.5969920754432678,0.6172745227813721,0.7353160381317139,0.6761324405670166,0.6160846948623657,0.5735750794410706,0.5502917766571045,0.47470444440841675,0.36520254611968994,0.29048657417297363,0.22765564918518066,0.48651599884033203,0.5196959376335144,0.602142870426178,0.6586868762969971,0.5353662371635437,0.6001262664794922,0.6581660509109497,0.696847140789032,0.5996208786964417,0.6499104499816895,0.6922850608825684,0.7183688879013062,9.291510849607221e-08,-0.022099658846855164,-0.05055205523967743,-0.08058810234069824,-0.11038999259471893,-0.06649896502494812,-0.11262796819210052,-0.1410936713218689,-0.16036462783813477,-0.07643112540245056,-0.13661593198776245,-0.14641867578029633,-0.14251793920993805,-0.08696005493402481,-0.13441473245620728,-0.12074415385723114,-0.10198476910591125,-0.10068705677986145,-0.13039737939834595,-0.11914084106683731,-0.10285665839910507
0.5905163288116455,0.6391391754150391,0.6748688817024231,0.7001857757568359,0.7341225147247314,0.6222022175788879,0.6002699732780457,0.5869745016098022,0.5728837847709656,0.5654622912406921,0.616013765335083,0.6597078442573547,0.6811612844467163,0.5256381034851074,0.5856975317001343,0.6225882172584534,0.6379073858261108,0.49805277585983276,0.5511949062347412,0.5891218781471252,0.607021152973175,0.736187756061554,0.6756507754325867,0.6137580275535583,0.5703698992729187,0.5521921515464783,0.48414528369903564,0.3688223361968994,0.2900954484939575,0.2257138192653656,0.4952288866043091,0.5302523374557495,0.6189113855361938,0.6801693439483643,0.5409238338470459,0.6004446148872375,0.6642851829528809,0.7089473605155945,0.6011637449264526,0.6477968096733093,0.6924224495887756,0.7218636870384216,3.7655933482483306e-08,-0.021855952218174934,-0.05098021775484085,-0.08289067447185516,-0.11485452204942703,-0.06590252369642258,-0.11228189617395401,-0.13930730521678925,-0.15739722549915314,-0.07561168819665909,-0.13724026083946228,-0.14464102685451508,-0.1381540298461914,-0.08605741709470749,-0.13505132496356964,-0.1184302568435669,-0.09656212478876114,-0.09974832087755203,-0.1297149658203125,-0.11715544760227203,-0.09947402775287628
0.5912472605705261,0.6388674974441528,0.6699944734573364,0.6951034069061279,0.7342937588691711,0.6148471832275391,0.5942427515983582,0.5823010802268982,0.5692741870880127,0.5596884489059448,0.6048888564109802,0.6497501730918884,0.6731845736503601,0.521895170211792,0.5801857113838196,0.6199629902839661,0.6391962766647339,0.4959939122200012,0.5469390749931335,0.586167573928833,0.6082615852355957,0.7356987595558167,0.67222660779953,0.6071675419807434,0.5621118545532227,0.5410594940185547,0.48268142342567444,0.3748641610145569,0.29836416244506836,0.23236247897148132,0.49631068110466003,0.5444828271865845,0.6271655559539795,0.6808120608329773,0.5429510474205017,0.6083689332008362,0.6670459508895874,0.7053167819976807,0.6042486429214478,0.6527734994888306,0.6918671131134033,0.7151005268096924,4.146350107703256e-08,-0.023701531812548637,-0.05301171913743019,-0.08497615158557892,-0.117048479616642,-0.0663176029920578,-0.11309260874986649,-0.142473503947258,-0.1634594053030014,-0.07548175007104874,-0.13694030046463013,-0.14680762588977814,-0.14395871758460999,-0.08578045666217804,-0.13379432260990143,-0.11856097728013992,-0.0991850420832634,-0.09995661675930023,-0.1311866044998169,-0.12177304923534393,-0.10699200630187988
0.5808947682380676,0.6317223310470581,0.6646097898483276,0.6947408318519592,0.7307145595550537,0.6036033034324646,0.5857031345367432,0.5744613409042358,0.5624043345451355,0.5506646633148193,0.5932909846305847,0.632397472858429,0.6540462374687195,0.5132793188095093,0.5721114277839661,0.6065177917480469,0.6235686540603638,0.48736095428466797,0.5385250449180603,0.5745340585708618,0.5943648815155029,0.7300798892974854,0.6697075963020325,0.597756028175354,0.5462333559989929,0.5119348168373108,0.48537755012512207,0.3747434616088867,0.30097609758377075,0.23772045969963074,0.49908447265625,0.5390615463256836,0.6199395060539246,0.6710242629051208,0.5439675450325012,0.612750768661499,0.6726836562156677,0.7097258567810059,0.6011605262756348,0.6505955457687378,0.6932377219200134,0.7180218696594238,4.1565463959614135e-08,-0.022317977622151375,-0.04693252593278885,-0.07386014610528946,-0.10118933767080307,-0.060215361416339874,-0.10149742662906647,-0.12555567920207977,-0.14234989881515503,-0.06778062880039215,-0.12342370301485062,-0.1308491975069046,-0.12655647099018097,-0.07642635703086853,-0.12220506370067596,-0.10806506872177124,-0.08934629708528519,-0.08832138776779175,-0.11803653091192245,-0.1084921732544899,-0.09361965209245682
0.5811840295791626,0.6291050314903259,0.6617680788040161,0.6906012892723083,0.7243655920028687,0.606166422367096,0.5920419692993164,0.5833641886711121,0.5722724795341492,0.5501666069030762,0.5892933011054993,0.6251618266105652,0.6425043344497681,0.5100817084312439,0.5650925636291504,0.5946566462516785,0.6072293519973755,0.48156046867370605,0.5280289053916931,0.5594939589500427,0.5739823579788208,0.7375378608703613,0.6759353876113892,0.594558835029602,0.5337562561035156,0.485968679189682,0.5004574656486511,0.4015829861164093,0.33234691619873047,0.27189967036247253,0.5077124238014221,0.5576051473617554,0.6356459856033325,0.682407557964325,0.5496923923492432,0.6254518032073975,0.6839637756347656,0.7153708934783936,0.6060029864311218,0.6586911678314209,0.698531985282898,0.7179279327392578,-7.256366529873048e-08,-0.022795645520091057,-0.04611290991306305,-0.07101326435804367,-0.09631022810935974,-0.0629585012793541,-0.10500851273536682,-0.12928403913974762,-0.14604732394218445,-0.0698082447052002,-0.12326464056968689,-0.1278826743364334,-0.1230451688170433,-0.07802640646696091,-0.1212468296289444,-0.1034417599439621,-0.08385464549064636,-0.08976990729570389,-0.11683376133441925,-0.10499794781208038,-0.08983167260885239
0.5699450969696045,0.6298577189445496,0.6594899892807007,0.6837032437324524,0.719352662563324,0.585170567035675,0.5893290042877197,0.6027144193649292,0.6112030744552612,0.5324938893318176,0.5799374580383301,0.6118493676185608,0.6252256035804749,0.4962742328643799,0.5487310290336609,0.57515549659729,0.5864841938018799,0.4710123538970947,0.5134032964706421,0.538898766040802,0.5511911511421204,0.732928454875946,0.6737276911735535,0.5860655307769775,0.5169187784194946,0.4590551257133484,0.5199024677276611,0.525783896446228,0.5350658893585205,0.5335808396339417,0.5396033525466919,0.6249077320098877,0.6736026406288147,0.6949469447135925,0.5823231339454651,0.6658893823623657,0.6985905766487122,0.7087953090667725,0.6331719160079956,0.6879364252090454,0.7122135162353516,0.7190450429916382,-3.121475913303584e-07,-0.03303994983434677,-0.05645826458930969,-0.07742913067340851,-0.09808865189552307,-0.059521082788705826,-0.098136767745018,-0.12403520196676254,-0.14027227461338043,-0.058534424751996994,-0.0998673364520073,-0.112224280834198,-0.11756628006696701,-0.06022409349679947,-0.0951307937502861,-0.09230867773294449,-0.08669232577085495,-0.06545829027891159,-0.09056675434112549,-0.08988320827484131,-0.08497091382741928
0.5615416765213013,0.6171692609786987,0.654964804649353,0.6789653897285461,0.7139628529548645,0.6159560084342957,0.6456525325775146,0.6447829008102417,0.6343559622764587,0.55609530210495,0.6145147681236267,0.6239427924156189,0.6181340217590332,0.5092483162879944,0.5675967931747437,0.5794431567192078,0.5783935785293579,0.4733029007911682,0.5233680009841919,0.5381980538368225,0.537556529045105,0.6869568824768066,0.6415611505508423,0.5701525807380676,0.504204511642456,0.4441078305244446,0.5099334716796875,0.5517834424972534,0.5520601272583008,0.5354741215705872,0.526416540145874,0.6517844796180725,0.6786943674087524,0.6737400889396667,0.5655813813209534,0.6951636075973511,0.7130764126777649,0.6982887387275696,0.6114628911018372,0.7082446813583374,0.7254550457000732,0.7092554569244385,-2.1334547284368455e-07,-0.039200033992528915,-0.06833674013614655,-0.09319646656513214,-0.11724481731653214,-0.08160063624382019,-0.1342681348323822,-0.16635237634181976,-0.1849454939365387,-0.07904078811407089,-0.12806469202041626,-0.13503101468086243,-0.13621291518211365,-0.07996313273906708,-0.11946506798267365,-0.10577406734228134,-0.09200557321310043,-0.08595331758260727,-0.11483032256364822,-0.11119243502616882,-0.1030062660574913
0.5523804426193237,0.6148823499679565,0.6574938297271729,0.681125819683075,0.7142301201820374,0.6215249300003052,0.666896641254425,0.6694283485412598,0.6545974016189575,0.5624200105667114,0.6239550113677979,0.6261840462684631,0.6100584268569946,0.5158786177635193,0.5729917883872986,0.5800763368606567,0.5715091824531555,0.47832414507865906,0.5228965282440186,0.5316327810287476,0.5256505012512207,0.6913037896156311,0.6417983174324036,0.5740529298782349,0.5032467246055603,0.43678343296051025,0.5214364528656006,0.6123755574226379,0.6295437216758728,0.6247572302818298,0.5388977527618408,0.6791549921035767,0.6984878182411194,0.690165102481842,0.5789872407913208,0.7097375988960266,0.715464174747467,0.6918082237243652,0.6257510185241699,0.7202441692352295,0.7324418425559998,0.7171236276626587,-2.43140902966843e-07,-0.04892714321613312,-0.08546517044305801,-0.11345984786748886,-0.1402842253446579,-0.11372733861207962,-0.18798962235450745,-0.23624733090400696,-0.2633582651615143,-0.11019488424062729,-0.16925039887428284,-0.18101109564304352,-0.18751904368400574,-0.11073365807533264,-0.16252614557743073,-0.15317665040493011,-0.14232394099235535,-0.11619971692562103,-0.15984049439430237,-0.1612108200788498,-0.1554230898618698
0.557747483253479,0.624963104724884,0.6603749990463257,0.6793797612190247,0.7067066431045532,0.6046445965766907,0.6440831422805786,0.6661394238471985,0.6745691895484924,0.5532402992248535,0.6058297753334045,0.6263077259063721,0.6298543214797974,0.5128865242004395,0.5572396516799927,0.5804409384727478,0.5870898962020874,0.4823395311832428,0.5055547952651978,0.5193168520927429,0.5238842368125916,0.7005218267440796,0.6454455256462097,0.5714892148971558,0.5000940561294556,0.42980319261550903,0.5250229239463806,0.6029898524284363,0.658841073513031,0.6922668814659119,0.5494966506958008,0.6549445390701294,0.6986472606658936,0.7177451848983765,0.5913564562797546,0.6806995272636414,0.7038850784301758,0.702435314655304,0.6381261944770813,0.6938655972480774,0.7087928056716919,0.7020492553710938,-7.391510337129148e-08,-0.052140314131975174,-0.09639434516429901,-0.13006973266601562,-0.1634848713874817,-0.1404861956834793,-0.2229425013065338,-0.27813300490379333,-0.31131064891815186,-0.1387011557817459,-0.20821362733840942,-0.23087747395038605,-0.24870948493480682,-0.13933178782463074,-0.1985340565443039,-0.196265310049057,-0.19410912692546844,-0.14360365271568298,-0.1928573101758957,-0.19754059612751007,-0.1978805810213089
0.5642199516296387,0.6266949772834778,0.6641784310340881,0.6833463907241821,0.713191032409668,0.6023937463760376,0.6534366607666016,0.6859886646270752,0.7058027982711792,0.54560387134552,0.6140736937522888,0.6179094910621643,0.6023620367050171,0.5060939788818359,0.5748210549354553,0.586557149887085,0.583495020866394,0.47782331705093384,0.5346701741218567,0.5464639663696289,0.5405014753341675,0.6937302350997925,0.650027871131897,0.5744244456291199,0.5071389079093933,0.43873679637908936,0.5099496245384216,0.6214630603790283,0.6780483722686768,0.7114061117172241,0.5368539690971375,0.6889475584030151,0.6928839087486267,0.674142599105835,0.5862346887588501,0.7286492586135864,0.7114108800888062,0.6726366877555847,0.6410928964614868,0.7408403158187866,0.7274112701416016,0.6920078992843628,-2.426088201445964e-07,-0.04858504608273506,-0.07867227494716644,-0.10049479454755783,-0.11819631606340408,-0.08654052764177322,-0.1546117514371872,-0.20147866010665894,-0.22554250061511993,-0.07873900979757309,-0.12334765493869781,-0.13320478796958923,-0.14001111686229706,-0.07711579650640488,-0.11116760224103928,-0.09628267586231232,-0.08372087776660919,-0.0820944532752037,-0.11082837730646133,-0.10684067755937576,-0.09821546077728271
0.5686098337173462,0.6305119395256042,0.6644107103347778,0.6862376928329468,0.7152396440505981,0.6034415364265442,0.652106523513794,0.6825792789459229,0.7025013566017151,0.5477226972579956,0.6094043254852295,0.6142102479934692,0.6043180227279663,0.5074364542961121,0.5696664452552795,0.5779294967651367,0.5728305578231812,0.47871583700180054,0.5271263122558594,0.5391855239868164,0.5351206660270691,0.6964017748832703,0.6487054824829102,0.5739042162895203,0.5077999830245972,0.44147634506225586,0.50230473279953,0.6022322773933411,0.6658214926719666,0.7116192579269409,0.528133749961853,0.6512811779975891,0.6774771809577942,0.6879160404205322,0.5761138796806335,0.6925681829452515,0.7036730647087097,0.694238543510437,0.633031964302063,0.7172753214836121,0.7289242744445801,0.7217713594436646,-3.8377396549549303e-07,-0.032344017177820206,-0.05514346435666084,-0.07513626664876938,-0.09396383911371231,-0.059276044368743896,-0.11573398113250732,-0.15787284076213837,-0.17962312698364258,-0.05896517261862755,-0.09447143971920013,-0.10755643248558044,-0.1167685016989708,-0.06329338252544403,-0.08888530731201172,-0.07953312247991562,-0.07209267467260361,-0.07277289032936096,-0.09046786278486252,-0.0838286280632019,-0.07563063502311707
0.5636451840400696,0.6264950633049011,0.6632291078567505,0.6847307682037354,0.7138474583625793,0.6031473875045776,0.6521154046058655,0.6816468238830566,0.7007635831832886,0.5482304096221924,0.6050704717636108,0.6203259229660034,0.6203362345695496,0.5085787773132324,0.5639328360557556,0.5784686803817749,0.5783722400665283,0.4789876639842987,0.5216678977012634,0.5376757383346558,0.5382701754570007,0.707335352897644,0.6607152819633484,0.5838053226470947,0.513950526714325,0.4450703263282776,0.5057040452957153,0.6009131073951721,0.6718607544898987,0.723060667514801,0.5351957678794861,0.6544228196144104,0.6953389644622803,0.7166157364845276,0.5847885608673096,0.6952693462371826,0.7129217982292175,0.7091782093048096,0.6422738432884216,0.7176423072814941,0.7320235967636108,0.7286372780799866,-4.696862845321448e-07,-0.034568700939416885,-0.057970646768808365,-0.07805090397596359,-0.09691554307937622,-0.06356829404830933,-0.12380659580230713,-0.1665576547384262,-0.1873408555984497,-0.061784569174051285,-0.10025013238191605,-0.11274608969688416,-0.12024138122797012,-0.06480208039283752,-0.09255211055278778,-0.08347403258085251,-0.07509657740592957,-0.07281094789505005,-0.0902346670627594,-0.08283881843090057,-0.07350526005029678
0.5713526606559753,0.6297212839126587,0.6671496033668518,0.6895705461502075,0.7168581485748291,0.6070807576179504,0.6522870659828186,0.6812083721160889,0.7004621028900146,0.551249623298645,0.6036545634269714,0.6191430687904358,0.6201639771461487,0.5110427737236023,0.565838098526001,0.5815149545669556,0.5824734568595886,0.48114997148513794,0.5224419832229614,0.5423207879066467,0.546215295791626,0.7048283219337463,0.6576356887817383,0.5827272534370422,0.5138785243034363,0.44614848494529724,0.5134420990943909,0.6074010729789734,0.6748238801956177,0.7242984771728516,0.540546178817749,0.6596488952636719,0.6949251294136047,0.7095613479614258,0.5863763093948364,0.7021321058273315,0.7165783047676086,0.7071812152862549,0.6380016207695007,0.717565655708313,0.7337998151779175,0.7322026491165161,-4.156409545430506e-07,-0.03400389477610588,-0.05616716295480728,-0.07457851618528366,-0.09159828722476959,-0.05863279476761818,-0.11171542853116989,-0.14971046149730682,-0.16796748340129852,-0.055738095194101334,-0.08806327730417252,-0.09934253990650177,-0.10723552852869034,-0.05730303004384041,-0.08013495802879333,-0.07215453684329987,-0.0658879354596138,-0.06372802704572678,-0.07698671519756317,-0.06864124536514282,-0.059879180043935776
0.5684569478034973,0.6312823295593262,0.6677513122558594,0.6910703182220459,0.7206292152404785,0.6095252633094788,0.6579805016517639,0.6858378052711487,0.7052506804466248,0.5535017848014832,0.612034261226654,0.6197708249092102,0.6136360764503479,0.5137866139411926,0.5706763863563538,0.5827344059944153,0.5817936658859253,0.4825418293476105,0.5247930288314819,0.5417826175689697,0.5427082180976868,0.7259653806686401,0.6764175891876221,0.5924806594848633,0.5194811820983887,0.4479195475578308,0.5195338726043701,0.6067886352539062,0.6741355657577515,0.7247025966644287,0.5443956851959229,0.664328932762146,0.6991996765136719,0.7161445617675781,0.5911751389503479,0.7011876702308655,0.7146457433700562,0.708249568939209,0.6466366052627563,0.7170801162719727,0.7284047603607178,0.7269304990768433,-4.9116562195195e-07,-0.026973241940140724,-0.04403916373848915,-0.058998990803956985,-0.07314477115869522,-0.04722369462251663,-0.09401429444551468,-0.1291412115097046,-0.1454802304506302,-0.045269113034009933,-0.06792270392179489,-0.07640320807695389,-0.08317826688289642,-0.04707982763648033,-0.06051819026470184,-0.04910629615187645,-0.04136328399181366,-0.053481537848711014,-0.05970629304647446,-0.04731002822518349,-0.035439472645521164
0.5608655214309692,0.63112473487854,0.6725126504898071,0.6947118639945984,0.7246462106704712,0.6128174066543579,0.6572070717811584,0.6884068846702576,0.7103369235992432,0.5586830973625183,0.6196362972259521,0.6386408805847168,0.6429714560508728,0.51861172914505,0.575151264667511,0.5876944065093994,0.5886688232421875,0.4877995252609253,0.527184784412384,0.5425787568092346,0.5465996265411377,0.7209222912788391,0.6708787679672241,0.5887662768363953,0.51491379737854,0.44566646218299866,0.5187161564826965,0.603905439376831,0.661134660243988,0.7039538621902466,0.5433365702629089,0.6698904037475586,0.7081907987594604,0.7287949919700623,0.5892305374145508,0.7037128210067749,0.7221114635467529,0.7218455076217651,0.6417152285575867,0.7155789136886597,0.7373624444007874,0.7447282075881958,-3.702862727550382e-07,-0.03224143013358116,-0.052990708500146866,-0.07029879838228226,-0.08738236129283905,-0.05970744043588638,-0.1110740676522255,-0.15040886402130127,-0.1715332716703415,-0.05798311159014702,-0.09351765364408493,-0.10920028388500214,-0.12001093477010727,-0.0599258691072464,-0.08783295005559921,-0.08583948016166687,-0.08289392292499542,-0.06599162518978119,-0.08732162415981293,-0.08509524166584015,-0.07955236732959747
0.5634135603904724,0.6280588507652283,0.6675856709480286,0.6921645402908325,0.7236292362213135,0.6034783124923706,0.6621357798576355,0.6877313852310181,0.6965622901916504,0.5526829361915588,0.6205803751945496,0.6312667727470398,0.621889591217041,0.5149033665657043,0.576874315738678,0.5885999798774719,0.5843587517738342,0.48626425862312317,0.533153772354126,0.5457242727279663,0.5429016947746277,0.7227619290351868,0.6688186526298523,0.5876352787017822,0.517390251159668,0.4515341520309448,0.5145023465156555,0.5970211029052734,0.643825888633728,0.6761921644210815,0.5436912775039673,0.6721649169921875,0.6952106356620789,0.6997445821762085,0.5949817895889282,0.7121388912200928,0.7151604294776917,0.6983261704444885,0.6522480249404907,0.7302491068840027,0.7356693744659424,0.7264364361763,-2.0925226351664605e-07,-0.03223332017660141,-0.05305248871445656,-0.07043668627738953,-0.0866570696234703,-0.05765434354543686,-0.10615818947553635,-0.14254459738731384,-0.16272400319576263,-0.056257426738739014,-0.089051753282547,-0.10327096283435822,-0.11458844691514969,-0.05885947495698929,-0.08575636893510818,-0.08413556963205338,-0.08251193910837173,-0.06551017612218857,-0.08754874765872955,-0.08782603591680527,-0.08479819446802139
0.5691052675247192,0.6336941719055176,0.6751345992088318,0.7038714289665222,0.7252995371818542,0.5805996060371399,0.5995453596115112,0.6158772110939026,0.6215430498123169,0.5380679368972778,0.5836822390556335,0.6055589318275452,0.6140066981315613,0.5106695294380188,0.5518831014633179,0.5664541125297546,0.5713128447532654,0.49273717403411865,0.5181127190589905,0.5280555486679077,0.5320101380348206,0.7256749868392944,0.6724340915679932,0.5905799865722656,0.5184949636459351,0.45629242062568665,0.5534108877182007,0.5657090544700623,0.5818018913269043,0.6003671288490295,0.5884575843811035,0.6401402354240417,0.6751338243484497,0.7050119638442993,0.6309763193130493,0.6826586127281189,0.7111426591873169,0.729617178440094,0.6719418168067932,0.7109478712081909,0.7342740297317505,0.7495638132095337,-1.526930759609968e-07,-0.028619365766644478,-0.053668927401304245,-0.07513917237520218,-0.09870593994855881,-0.07894822955131531,-0.12028317898511887,-0.1490527093410492,-0.16676102578639984,-0.08082868903875351,-0.12032134085893631,-0.1375575065612793,-0.14979271590709686,-0.08284562826156616,-0.11836344003677368,-0.12178143113851547,-0.12268247455358505,-0.0866507962346077,-0.11613839119672775,-0.11941699683666229,-0.11880756169557571
0.5653300285339355,0.6304621696472168,0.6688846349716187,0.6988577246665955,0.7288435101509094,0.59231036901474,0.5998582243919373,0.6131941676139832,0.6237453818321228,0.5422590970993042,0.5902019143104553,0.6145645976066589,0.627705991268158,0.5076066851615906,0.5575515627861023,0.5764977931976318,0.5898594260215759,0.48122140765190125,0.5179054141044617,0.5400612950325012,0.5572653412818909,0.7380552291870117,0.6937434673309326,0.6111540198326111,0.538881778717041,0.4728044867515564,0.5673331618309021,0.5909066200256348,0.6180858612060547,0.6444773077964783,0.5812485814094543,0.6640598177909851,0.6988364458084106,0.7255185842514038,0.6132005453109741,0.6909761428833008,0.7146502137184143,0.7306405305862427,0.6525520086288452,0.6996771693229675,0.7256675958633423,0.7414790391921997,-2.776169480966928e-07,-0.03874705731868744,-0.06543214619159698,-0.08749512583017349,-0.10954843461513519,-0.0664479210972786,-0.1078508198261261,-0.13935470581054688,-0.15681886672973633,-0.060126177966594696,-0.09731675684452057,-0.1121547743678093,-0.11978746205568314,-0.056585393846035004,-0.08595293760299683,-0.08435918390750885,-0.07980481535196304,-0.05711362883448601,-0.08116987347602844,-0.08131597191095352,-0.07606632262468338
0.5664412975311279,0.6278444528579712,0.6692228317260742,0.6981819868087769,0.7271649837493896,0.6170111894607544,0.6197554469108582,0.6249681711196899,0.6288403868675232,0.5590303540229797,0.5992023944854736,0.6242091059684753,0.6378634572029114,0.5153465867042542,0.561411440372467,0.5807094573974609,0.593439519405365,0.4848041534423828,0.5214247703552246,0.5465900897979736,0.5636944770812988,0.7608762979507446,0.7116502523422241,0.6296688914299011,0.5484744906425476,0.47693556547164917,0.5738856196403503,0.4948505759239197,0.436482697725296,0.3897657096385956,0.5759264230728149,0.6427439451217651,0.6908624768257141,0.7253866195678711,0.6103107929229736,0.6869502663612366,0.7167896032333374,0.7365095615386963,0.6570461988449097,0.7059239149093628,0.7305119037628174,0.7436850070953369,1.3472420334892377e-07,-0.03603116050362587,-0.06513740122318268,-0.09071966260671616,-0.11807363480329514,-0.08794455975294113,-0.1313232183456421,-0.15686705708503723,-0.17372789978981018,-0.08598237484693527,-0.14068058133125305,-0.14967688918113708,-0.1495520919561386,-0.08555282652378082,-0.12801997363567352,-0.11861619353294373,-0.10699844360351562,-0.08879347890615463,-0.12313354015350342,-0.1232558935880661,-0.11680302023887634
0.565803587436676,0.628058135509491,0.6720436215400696,0.7020643949508667,0.7337449789047241,0.6220071315765381,0.6197030544281006,0.6188810467720032,0.6178652048110962,0.5624059438705444,0.5962373614311218,0.6232826709747314,0.6395429372787476,0.5169227123260498,0.56105637550354,0.5787859559059143,0.5890264511108398,0.4845021367073059,0.5218161940574646,0.5455372333526611,0.5594255924224854,0.7543396949768066,0.7093329429626465,0.6270632743835449,0.5458725690841675,0.48052507638931274,0.5612542629241943,0.4748653471469879,0.4086146950721741,0.35529884696006775,0.5591601133346558,0.6329573392868042,0.6893936395645142,0.7283886671066284,0.5955520272254944,0.6887930631637573,0.7184596061706543,0.7340028285980225,0.6471771597862244,0.7103835940361023,0.7383226752281189,0.7504944205284119,1.239268954122963e-07,-0.03362293541431427,-0.05982857942581177,-0.08294913172721863,-0.10684016346931458,-0.0816328153014183,-0.12490214407444,-0.14951550960540771,-0.16576997935771942,-0.08108782023191452,-0.13353919982910156,-0.13849307596683502,-0.13500507175922394,-0.08250781893730164,-0.12196508795022964,-0.10725301504135132,-0.09217336773872375,-0.08808589726686478,-0.11718142032623291,-0.11141624301671982,-0.10105659812688828
0.5691425800323486,0.6288232803344727,0.6715974807739258,0.7006673812866211,0.7324281930923462,0.6206109523773193,0.6146201491355896,0.6113673448562622,0.6079826354980469,0.561380922794342,0.5942134261131287,0.6210280060768127,0.6369537115097046,0.5170201063156128,0.5594823360443115,0.5753704905509949,0.5835339426994324,0.48645615577697754,0.5197057127952576,0.5456359386444092,0.5608851909637451,0.7495687007904053,0.7132076025009155,0.6333712339401245,0.5517081618309021,0.4856026768684387,0.563217282295227,0.46352481842041016,0.3907034397125244,0.3315146267414093,0.5588339567184448,0.6263763904571533,0.6909711956977844,0.7338746786117554,0.593632161617279,0.681536078453064,0.7183530330657959,0.7377618551254272,0.6436647176742554,0.7072247862815857,0.7390465140342712,0.7544456124305725,9.033559678073289e-08,-0.03716247156262398,-0.06538063287734985,-0.08948444575071335,-0.1141052097082138,-0.08712322264909744,-0.12997967004776,-0.1541106402873993,-0.17097559571266174,-0.0844121053814888,-0.1389727145433426,-0.144590824842453,-0.14152856171131134,-0.08308614045381546,-0.12298840284347534,-0.10775566846132278,-0.09287916868925095,-0.08599835634231567,-0.11561094224452972,-0.1093088909983635,-0.09889588505029678
0.5663829445838928,0.6272382736206055,0.6702741384506226,0.6998984813690186,0.7306620478630066,0.6170305609703064,0.6120216846466064,0.606435239315033,0.6009927988052368,0.5570802688598633,0.5847472548484802,0.6097423434257507,0.6256734728813171,0.5139105319976807,0.5465152263641357,0.5635023713111877,0.575009822845459,0.4858565926551819,0.5114717483520508,0.5324641466140747,0.5463482737541199,0.7436851859092712,0.71347975730896,0.6410728693008423,0.5601445436477661,0.4945802688598633,0.5637110471725464,0.4592123031616211,0.38337117433547974,0.3214401602745056,0.5541034936904907,0.6201742887496948,0.6799055933952332,0.7179670929908752,0.5828511118888855,0.6541434526443481,0.682608425617218,0.6992802619934082,0.6249849796295166,0.6823780536651611,0.7111055850982666,0.7266815900802612,1.0229036462305885e-07,-0.04375026375055313,-0.07608351111412048,-0.10185469686985016,-0.12837964296340942,-0.10061345994472504,-0.14595983922481537,-0.1720893830060959,-0.19019371271133423,-0.09168773889541626,-0.14416879415512085,-0.14794692397117615,-0.14438693225383759,-0.08389214426279068,-0.12138047069311142,-0.10602172464132309,-0.09188799560070038,-0.08029806613922119,-0.10989992320537567,-0.10437336564064026,-0.09430348128080368
0.5754388570785522,0.6334567070007324,0.6764611601829529,0.7087109684944153,0.7398891448974609,0.6184345483779907,0.6108326315879822,0.6061294674873352,0.5988398194313049,0.5594649314880371,0.5920968651771545,0.6223662495613098,0.6386845111846924,0.5170257687568665,0.5634232759475708,0.5827694535255432,0.5909619331359863,0.48974230885505676,0.5239051580429077,0.5457025766372681,0.5550095438957214,0.7478435635566711,0.7145768404006958,0.6400980949401855,0.5616740584373474,0.495801717042923,0.5648066401481628,0.4581299126148224,0.3791697919368744,0.3156331479549408,0.5636152625083923,0.6168648600578308,0.6832138299942017,0.72524094581604,0.6003019213676453,0.6811168789863586,0.7212544679641724,0.7425724864006042,0.650965690612793,0.707011878490448,0.7380011081695557,0.7517221570014954,9.00914898238625e-08,-0.038300205022096634,-0.07007826864719391,-0.09734058380126953,-0.12541691958904266,-0.09865768998861313,-0.14741060137748718,-0.17550773918628693,-0.19504262506961823,-0.09640958160161972,-0.15294085443019867,-0.1564040333032608,-0.15277259051799774,-0.0956743136048317,-0.1373269408941269,-0.11982005089521408,-0.10392511636018753,-0.09916137158870697,-0.1296212375164032,-0.12282857298851013,-0.11284584552049637
0.5696866512298584,0.6327292919158936,0.6774815320968628,0.7091404795646667,0.7401494979858398,0.617095947265625,0.6115819811820984,0.6081758141517639,0.6026208996772766,0.5585843920707703,0.5946253538131714,0.6208932399749756,0.6330385208129883,0.5166928768157959,0.5592164993286133,0.5767048001289368,0.583522379398346,0.4891001582145691,0.521411120891571,0.5418105125427246,0.551422119140625,0.7529664039611816,0.7185964584350586,0.6438990831375122,0.5634607076644897,0.4983130991458893,0.5705569386482239,0.45659053325653076,0.377216637134552,0.312582403421402,0.5666038393974304,0.6198840141296387,0.6849972605705261,0.7242551445960999,0.5979033708572388,0.6659755110740662,0.7109292149543762,0.7396517395973206,0.6392497420310974,0.686673641204834,0.7260253429412842,0.7504895925521851,1.1178881464957158e-07,-0.041558533906936646,-0.07506945729255676,-0.10265929996967316,-0.13170364499092102,-0.1046343594789505,-0.15140865743160248,-0.1778327226638794,-0.19595517218112946,-0.09791049361228943,-0.1520121842622757,-0.15573623776435852,-0.15281109511852264,-0.09190678596496582,-0.132311150431633,-0.11667031794786453,-0.10187506675720215,-0.089775949716568,-0.12043052911758423,-0.11445560306310654,-0.10436977446079254
0.575129508972168,0.6360523700714111,0.6788448095321655,0.7116049528121948,0.747215747833252,0.6235958337783813,0.6150416135787964,0.611035943031311,0.6068586707115173,0.564700722694397,0.6007549166679382,0.6307221055030823,0.6491401791572571,0.5224207043647766,0.5693575143814087,0.5870345830917358,0.5965776443481445,0.49425750970840454,0.5301526784896851,0.5547365546226501,0.5689073801040649,0.7530801892280579,0.7136845588684082,0.6387782096862793,0.5605035424232483,0.4982840120792389,0.5628767013549805,0.45481741428375244,0.3758201599121094,0.3121597468852997,0.5611128807067871,0.6124925017356873,0.6763970255851746,0.7205706834793091,0.5963448286056519,0.6710113286972046,0.7078927755355835,0.7315079569816589,0.6447833180427551,0.6989781856536865,0.7287372350692749,0.74366295337677,8.648685678736001e-08,-0.0329558439552784,-0.062185052782297134,-0.08773831278085709,-0.11409811675548553,-0.09078015387058258,-0.13495956361293793,-0.15948155522346497,-0.1763637363910675,-0.08886846899986267,-0.1408248096704483,-0.14280939102172852,-0.13801801204681396,-0.08766809105873108,-0.12501247227191925,-0.1077464371919632,-0.0921609178185463,-0.09022274613380432,-0.11677245795726776,-0.10935289412736893,-0.09891684353351593
0.5861849188804626,0.6417915225028992,0.6834861636161804,0.7159668803215027,0.7504104971885681,0.6297900080680847,0.6242129802703857,0.6204317212104797,0.6146172285079956,0.5694518685340881,0.608124852180481,0.6366786956787109,0.650261640548706,0.5272224545478821,0.5752260684967041,0.590850830078125,0.594619631767273,0.5009900331497192,0.5374665856361389,0.5584537386894226,0.5639932751655579,0.7567198276519775,0.7217806577682495,0.6449307203292847,0.5651587247848511,0.501768171787262,0.5678319931030273,0.46172985434532166,0.37964996695518494,0.31414279341697693,0.5653447508811951,0.626473069190979,0.6856654286384583,0.725003182888031,0.604002058506012,0.6864600777626038,0.7177575826644897,0.7338983416557312,0.6571082472801208,0.713603138923645,0.7393470406532288,0.7509300708770752,7.210637420485e-08,-0.03630349040031433,-0.06635396182537079,-0.09195401519536972,-0.11817547678947449,-0.09328493475914001,-0.1384955197572708,-0.1652958244085312,-0.1843385100364685,-0.0900876596570015,-0.1403324156999588,-0.14220526814460754,-0.13874270021915436,-0.08796173334121704,-0.12339039146900177,-0.10402687638998032,-0.08831333369016647,-0.09007934480905533,-0.1156742200255394,-0.10604032129049301,-0.09465507417917252
0.5838581919670105,0.6463989019393921,0.6912674307823181,0.7211121916770935,0.7551996111869812,0.6320769786834717,0.6278791427612305,0.6242060661315918,0.6202647686004639,0.5712511539459229,0.5858961343765259,0.6102250218391418,0.6268801093101501,0.5286582708358765,0.5410093665122986,0.5561721324920654,0.5668279528617859,0.5041218996047974,0.5037054419517517,0.5028387904167175,0.49636998772621155,0.749925434589386,0.7137002944946289,0.6398255825042725,0.5633078813552856,0.5012252330780029,0.5767887234687805,0.46356162428855896,0.37788307666778564,0.3093920350074768,0.57317715883255,0.5708073973655701,0.584998369216919,0.5922966003417969,0.600551426410675,0.6072983741760254,0.5991461277008057,0.5892766714096069,0.6399951577186584,0.6409116387367249,0.6289945840835571,0.6145883798599243,2.589654002349562e-07,-0.04338564723730087,-0.07760856300592422,-0.10465649515390396,-0.134010910987854,-0.10975614190101624,-0.15824836492538452,-0.188528910279274,-0.2092830240726471,-0.10222477465867996,-0.1495818942785263,-0.15483734011650085,-0.1548796445131302,-0.09535414725542068,-0.12477407604455948,-0.11009534448385239,-0.0988648533821106,-0.09278453886508942,-0.1159859299659729,-0.11087282001972198,-0.10341112315654755
0.5845683813095093,0.6548477411270142,0.7033398151397705,0.7319566011428833,0.7624375820159912,0.6389002799987793,0.6423779726028442,0.6394936442375183,0.6358793377876282,0.5759485363960266,0.587073564529419,0.6067337393760681,0.6197661757469177,0.5331823229789734,0.5519785284996033,0.5672224164009094,0.576774537563324,0.5064607262611389,0.5253879427909851,0.5349424481391907,0.5365090370178223,0.7338826656341553,0.7047123908996582,0.6304109692573547,0.5520475506782532,0.48763126134872437,0.5718756318092346,0.45823734998703003,0.3740484118461609,0.3075351119041443,0.5640338659286499,0.5278897285461426,0.49525317549705505,0.46857455372810364,0.5781852602958679,0.5501584410667419,0.5058977603912354,0.4702373743057251,0.6030668020248413,0.582906186580658,0.5572707056999207,0.5362632274627686,4.937260769111163e-07,-0.04648396372795105,-0.07711318135261536,-0.09833787381649017,-0.12053558975458145,-0.1053551509976387,-0.14653711020946503,-0.1718827337026596,-0.18890021741390228,-0.09247966855764389,-0.12476103007793427,-0.127054825425148,-0.12882454693317413,-0.08019813895225525,-0.09726052731275558,-0.08274581283330917,-0.07486672699451447,-0.07277712970972061,-0.08842307329177856,-0.08192874491214752,-0.07518955320119858
0.6079667806625366,0.6781092882156372,0.7218772172927856,0.7492562532424927,0.7793613076210022,0.6546111702919006,0.6592629551887512,0.6654187440872192,0.6678000092506409,0.5932897925376892,0.6325648427009583,0.6615906953811646,0.6700707674026489,0.5519241690635681,0.6058587431907654,0.6321485638618469,0.6396956443786621,0.5255460143089294,0.577602744102478,0.6026304960250854,0.6105023622512817,0.7558028101921082,0.709421694278717,0.6224066615104675,0.5435721278190613,0.4814854860305786,0.5584621429443359,0.4456893801689148,0.3728671073913574,0.31431058049201965,0.562869668006897,0.5720712542533875,0.6268710494041443,0.6620955467224121,0.5941011905670166,0.6219044923782349,0.6639023423194885,0.6907434463500977,0.6343386173248291,0.651767909526825,0.6846288442611694,0.7059695720672607,1.7329328727555549e-07,-0.03181055560708046,-0.05528709292411804,-0.0744948610663414,-0.09432770311832428,-0.08090199530124664,-0.11703457683324814,-0.13691027462482452,-0.15079747140407562,-0.07712836563587189,-0.11723209917545319,-0.11774892359972,-0.11471784114837646,-0.07373971492052078,-0.1043987050652504,-0.08705136179924011,-0.07275604456663132,-0.07368995249271393,-0.09672688692808151,-0.08838243037462234,-0.07809475064277649
0.6282398700714111,0.7003455758094788,0.7424485087394714,0.7668044567108154,0.7931503653526306,0.6818995475769043,0.6882082223892212,0.6986108422279358,0.7051835060119629,0.6286260485649109,0.6479925513267517,0.6714513301849365,0.6790786385536194,0.5872374773025513,0.6040802001953125,0.6229300498962402,0.6300883293151855,0.5566760301589966,0.5680667757987976,0.582956075668335,0.5887084603309631,0.7259392142295837,0.6843859553337097,0.5975021123886108,0.5184183716773987,0.45870476961135864,0.5364324450492859,0.4308914542198181,0.3650203347206116,0.3131122589111328,0.5448502898216248,0.5281075239181519,0.5792033672332764,0.6160661578178406,0.5701160430908203,0.5569530725479126,0.5965782999992371,0.6256483793258667,0.6013823747634888,0.5794314742088318,0.6083529591560364,0.6321636438369751,1.8680685798244667e-07,-0.0344616062939167,-0.05597289651632309,-0.07350226491689682,-0.09241483360528946,-0.06487987190485,-0.0948043242096901,-0.11287780851125717,-0.1259450614452362,-0.06040830537676811,-0.10020452737808228,-0.10598678141832352,-0.10502252727746964,-0.0572546161711216,-0.08747518062591553,-0.07324989885091782,-0.0596390925347805,-0.05718087777495384,-0.0775858610868454,-0.06742207705974579,-0.055854734033346176
0.6576368808746338,0.7261077761650085,0.7655233144760132,0.7899236083030701,0.8128727078437805,0.6991987824440002,0.7119407653808594,0.7336151599884033,0.7513710260391235,0.6487661600112915,0.673794150352478,0.7000522017478943,0.7135492563247681,0.6118502020835876,0.641609787940979,0.663517415523529,0.6748360395431519,0.5877394676208496,0.6097933053970337,0.6314017176628113,0.6432273983955383,0.7072196006774902,0.6544275283813477,0.5707761645317078,0.49587565660476685,0.4323241412639618,0.5193136930465698,0.4248789846897125,0.361153781414032,0.31578490138053894,0.5371702313423157,0.5084599852561951,0.5316998362541199,0.5556994676589966,0.5783631205558777,0.5757725238800049,0.6032213568687439,0.6275942325592041,0.6283859610557556,0.6237580180168152,0.6442565321922302,0.6651538014411926,4.347757567302324e-07,-0.028850378468632698,-0.058812420815229416,-0.08594023436307907,-0.11719512939453125,-0.10175614804029465,-0.15250779688358307,-0.18408629298210144,-0.20585982501506805,-0.11018969118595123,-0.16438762843608856,-0.17646916210651398,-0.18399585783481598,-0.11867869645357132,-0.16465811431407928,-0.15453767776489258,-0.14610911905765533,-0.12912563979625702,-0.16352562606334686,-0.1579689383506775,-0.15185624361038208
0.0,0.0,0.0,0.0,0.0,0.0,0.0,0.0,0.0,0.0,0.0,0.0,0.0,0.0,0.0,0.0,0.0,0.0,0.0,0.0,0.0,0.0,0.0,0.0,0.0,0.0,0.0,0.0,0.0,0.0,0.0,0.0,0.0,0.0,0.0,0.0,0.0,0.0,0.0,0.0,0.0,0.0,0.0,0.0,0.0,0.0,0.0,0.0,0.0,0.0,0.0,0.0,0.0,0.0,0.0,0.0,0.0,0.0,0.0,0.0,0.0,0.0,0.0
0.0,0.0,0.0,0.0,0.0,0.0,0.0,0.0,0.0,0.0,0.0,0.0,0.0,0.0,0.0,0.0,0.0,0.0,0.0,0.0,0.0,0.0,0.0,0.0,0.0,0.0,0.0,0.0,0.0,0.0,0.0,0.0,0.0,0.0,0.0,0.0,0.0,0.0,0.0,0.0,0.0,0.0,0.0,0.0,0.0,0.0,0.0,0.0,0.0,0.0,0.0,0.0,0.0,0.0,0.0,0.0,0.0,0.0,0.0,0.0,0.0,0.0,0.0
0.0,0.0,0.0,0.0,0.0,0.0,0.0,0.0,0.0,0.0,0.0,0.0,0.0,0.0,0.0,0.0,0.0,0.0,0.0,0.0,0.0,0.0,0.0,0.0,0.0,0.0,0.0,0.0,0.0,0.0,0.0,0.0,0.0,0.0,0.0,0.0,0.0,0.0,0.0,0.0,0.0,0.0,0.0,0.0,0.0,0.0,0.0,0.0,0.0,0.0,0.0,0.0,0.0,0.0,0.0,0.0,0.0,0.0,0.0,0.0,0.0,0.0,0.0
0.0,0.0,0.0,0.0,0.0,0.0,0.0,0.0,0.0,0.0,0.0,0.0,0.0,0.0,0.0,0.0,0.0,0.0,0.0,0.0,0.0,0.0,0.0,0.0,0.0,0.0,0.0,0.0,0.0,0.0,0.0,0.0,0.0,0.0,0.0,0.0,0.0,0.0,0.0,0.0,0.0,0.0,0.0,0.0,0.0,0.0,0.0,0.0,0.0,0.0,0.0,0.0,0.0,0.0,0.0,0.0,0.0,0.0,0.0,0.0,0.0,0.0,0.0
0.0,0.0,0.0,0.0,0.0,0.0,0.0,0.0,0.0,0.0,0.0,0.0,0.0,0.0,0.0,0.0,0.0,0.0,0.0,0.0,0.0,0.0,0.0,0.0,0.0,0.0,0.0,0.0,0.0,0.0,0.0,0.0,0.0,0.0,0.0,0.0,0.0,0.0,0.0,0.0,0.0,0.0,0.0,0.0,0.0,0.0,0.0,0.0,0.0,0.0,0.0,0.0,0.0,0.0,0.0,0.0,0.0,0.0,0.0,0.0,0.0,0.0,0.0
0.0,0.0,0.0,0.0,0.0,0.0,0.0,0.0,0.0,0.0,0.0,0.0,0.0,0.0,0.0,0.0,0.0,0.0,0.0,0.0,0.0,0.0,0.0,0.0,0.0,0.0,0.0,0.0,0.0,0.0,0.0,0.0,0.0,0.0,0.0,0.0,0.0,0.0,0.0,0.0,0.0,0.0,0.0,0.0,0.0,0.0,0.0,0.0,0.0,0.0,0.0,0.0,0.0,0.0,0.0,0.0,0.0,0.0,0.0,0.0,0.0,0.0,0.0
0.0,0.0,0.0,0.0,0.0,0.0,0.0,0.0,0.0,0.0,0.0,0.0,0.0,0.0,0.0,0.0,0.0,0.0,0.0,0.0,0.0,0.0,0.0,0.0,0.0,0.0,0.0,0.0,0.0,0.0,0.0,0.0,0.0,0.0,0.0,0.0,0.0,0.0,0.0,0.0,0.0,0.0,0.0,0.0,0.0,0.0,0.0,0.0,0.0,0.0,0.0,0.0,0.0,0.0,0.0,0.0,0.0,0.0,0.0,0.0,0.0,0.0,0.0
0.0,0.0,0.0,0.0,0.0,0.0,0.0,0.0,0.0,0.0,0.0,0.0,0.0,0.0,0.0,0.0,0.0,0.0,0.0,0.0,0.0,0.0,0.0,0.0,0.0,0.0,0.0,0.0,0.0,0.0,0.0,0.0,0.0,0.0,0.0,0.0,0.0,0.0,0.0,0.0,0.0,0.0,0.0,0.0,0.0,0.0,0.0,0.0,0.0,0.0,0.0,0.0,0.0,0.0,0.0,0.0,0.0,0.0,0.0,0.0,0.0,0.0,0.0
0.0,0.0,0.0,0.0,0.0,0.0,0.0,0.0,0.0,0.0,0.0,0.0,0.0,0.0,0.0,0.0,0.0,0.0,0.0,0.0,0.0,0.0,0.0,0.0,0.0,0.0,0.0,0.0,0.0,0.0,0.0,0.0,0.0,0.0,0.0,0.0,0.0,0.0,0.0,0.0,0.0,0.0,0.0,0.0,0.0,0.0,0.0,0.0,0.0,0.0,0.0,0.0,0.0,0.0,0.0,0.0,0.0,0.0,0.0,0.0,0.0,0.0,0.0
0.0,0.0,0.0,0.0,0.0,0.0,0.0,0.0,0.0,0.0,0.0,0.0,0.0,0.0,0.0,0.0,0.0,0.0,0.0,0.0,0.0,0.0,0.0,0.0,0.0,0.0,0.0,0.0,0.0,0.0,0.0,0.0,0.0,0.0,0.0,0.0,0.0,0.0,0.0,0.0,0.0,0.0,0.0,0.0,0.0,0.0,0.0,0.0,0.0,0.0,0.0,0.0,0.0,0.0,0.0,0.0,0.0,0.0,0.0,0.0,0.0,0.0,0.0
0.0,0.0,0.0,0.0,0.0,0.0,0.0,0.0,0.0,0.0,0.0,0.0,0.0,0.0,0.0,0.0,0.0,0.0,0.0,0.0,0.0,0.0,0.0,0.0,0.0,0.0,0.0,0.0,0.0,0.0,0.0,0.0,0.0,0.0,0.0,0.0,0.0,0.0,0.0,0.0,0.0,0.0,0.0,0.0,0.0,0.0,0.0,0.0,0.0,0.0,0.0,0.0,0.0,0.0,0.0,0.0,0.0,0.0,0.0,0.0,0.0,0.0,0.0
0.0,0.0,0.0,0.0,0.0,0.0,0.0,0.0,0.0,0.0,0.0,0.0,0.0,0.0,0.0,0.0,0.0,0.0,0.0,0.0,0.0,0.0,0.0,0.0,0.0,0.0,0.0,0.0,0.0,0.0,0.0,0.0,0.0,0.0,0.0,0.0,0.0,0.0,0.0,0.0,0.0,0.0,0.0,0.0,0.0,0.0,0.0,0.0,0.0,0.0,0.0,0.0,0.0,0.0,0.0,0.0,0.0,0.0,0.0,0.0,0.0,0.0,0.0
0.0,0.0,0.0,0.0,0.0,0.0,0.0,0.0,0.0,0.0,0.0,0.0,0.0,0.0,0.0,0.0,0.0,0.0,0.0,0.0,0.0,0.0,0.0,0.0,0.0,0.0,0.0,0.0,0.0,0.0,0.0,0.0,0.0,0.0,0.0,0.0,0.0,0.0,0.0,0.0,0.0,0.0,0.0,0.0,0.0,0.0,0.0,0.0,0.0,0.0,0.0,0.0,0.0,0.0,0.0,0.0,0.0,0.0,0.0,0.0,0.0,0.0,0.0
0.0,0.0,0.0,0.0,0.0,0.0,0.0,0.0,0.0,0.0,0.0,0.0,0.0,0.0,0.0,0.0,0.0,0.0,0.0,0.0,0.0,0.0,0.0,0.0,0.0,0.0,0.0,0.0,0.0,0.0,0.0,0.0,0.0,0.0,0.0,0.0,0.0,0.0,0.0,0.0,0.0,0.0,0.0,0.0,0.0,0.0,0.0,0.0,0.0,0.0,0.0,0.0,0.0,0.0,0.0,0.0,0.0,0.0,0.0,0.0,0.0,0.0,0.0
0.0,0.0,0.0,0.0,0.0,0.0,0.0,0.0,0.0,0.0,0.0,0.0,0.0,0.0,0.0,0.0,0.0,0.0,0.0,0.0,0.0,0.0,0.0,0.0,0.0,0.0,0.0,0.0,0.0,0.0,0.0,0.0,0.0,0.0,0.0,0.0,0.0,0.0,0.0,0.0,0.0,0.0,0.0,0.0,0.0,0.0,0.0,0.0,0.0,0.0,0.0,0.0,0.0,0.0,0.0,0.0,0.0,0.0,0.0,0.0,0.0,0.0,0.0
0.0,0.0,0.0,0.0,0.0,0.0,0.0,0.0,0.0,0.0,0.0,0.0,0.0,0.0,0.0,0.0,0.0,0.0,0.0,0.0,0.0,0.0,0.0,0.0,0.0,0.0,0.0,0.0,0.0,0.0,0.0,0.0,0.0,0.0,0.0,0.0,0.0,0.0,0.0,0.0,0.0,0.0,0.0,0.0,0.0,0.0,0.0,0.0,0.0,0.0,0.0,0.0,0.0,0.0,0.0,0.0,0.0,0.0,0.0,0.0,0.0,0.0,0.0
0.0,0.0,0.0,0.0,0.0,0.0,0.0,0.0,0.0,0.0,0.0,0.0,0.0,0.0,0.0,0.0,0.0,0.0,0.0,0.0,0.0,0.0,0.0,0.0,0.0,0.0,0.0,0.0,0.0,0.0,0.0,0.0,0.0,0.0,0.0,0.0,0.0,0.0,0.0,0.0,0.0,0.0,0.0,0.0,0.0,0.0,0.0,0.0,0.0,0.0,0.0,0.0,0.0,0.0,0.0,0.0,0.0,0.0,0.0,0.0,0.0,0.0,0.0
0.0,0.0,0.0,0.0,0.0,0.0,0.0,0.0,0.0,0.0,0.0,0.0,0.0,0.0,0.0,0.0,0.0,0.0,0.0,0.0,0.0,0.0,0.0,0.0,0.0,0.0,0.0,0.0,0.0,0.0,0.0,0.0,0.0,0.0,0.0,0.0,0.0,0.0,0.0,0.0,0.0,0.0,0.0,0.0,0.0,0.0,0.0,0.0,0.0,0.0,0.0,0.0,0.0,0.0,0.0,0.0,0.0,0.0,0.0,0.0,0.0,0.0,0.0
0.0,0.0,0.0,0.0,0.0,0.0,0.0,0.0,0.0,0.0,0.0,0.0,0.0,0.0,0.0,0.0,0.0,0.0,0.0,0.0,0.0,0.0,0.0,0.0,0.0,0.0,0.0,0.0,0.0,0.0,0.0,0.0,0.0,0.0,0.0,0.0,0.0,0.0,0.0,0.0,0.0,0.0,0.0,0.0,0.0,0.0,0.0,0.0,0.0,0.0,0.0,0.0,0.0,0.0,0.0,0.0,0.0,0.0,0.0,0.0,0.0,0.0,0.0
0.0,0.0,0.0,0.0,0.0,0.0,0.0,0.0,0.0,0.0,0.0,0.0,0.0,0.0,0.0,0.0,0.0,0.0,0.0,0.0,0.0,0.0,0.0,0.0,0.0,0.0,0.0,0.0,0.0,0.0,0.0,0.0,0.0,0.0,0.0,0.0,0.0,0.0,0.0,0.0,0.0,0.0,0.0,0.0,0.0,0.0,0.0,0.0,0.0,0.0,0.0,0.0,0.0,0.0,0.0,0.0,0.0,0.0,0.0,0.0,0.0,0.0,0.0
0.0,0.0,0.0,0.0,0.0,0.0,0.0,0.0,0.0,0.0,0.0,0.0,0.0,0.0,0.0,0.0,0.0,0.0,0.0,0.0,0.0,0.0,0.0,0.0,0.0,0.0,0.0,0.0,0.0,0.0,0.0,0.0,0.0,0.0,0.0,0.0,0.0,0.0,0.0,0.0,0.0,0.0,0.0,0.0,0.0,0.0,0.0,0.0,0.0,0.0,0.0,0.0,0.0,0.0,0.0,0.0,0.0,0.0,0.0,0.0,0.0,0.0,0.0
0.0,0.0,0.0,0.0,0.0,0.0,0.0,0.0,0.0,0.0,0.0,0.0,0.0,0.0,0.0,0.0,0.0,0.0,0.0,0.0,0.0,0.0,0.0,0.0,0.0,0.0,0.0,0.0,0.0,0.0,0.0,0.0,0.0,0.0,0.0,0.0,0.0,0.0,0.0,0.0,0.0,0.0,0.0,0.0,0.0,0.0,0.0,0.0,0.0,0.0,0.0,0.0,0.0,0.0,0.0,0.0,0.0,0.0,0.0,0.0,0.0,0.0,0.0
0.0,0.0,0.0,0.0,0.0,0.0,0.0,0.0,0.0,0.0,0.0,0.0,0.0,0.0,0.0,0.0,0.0,0.0,0.0,0.0,0.0,0.0,0.0,0.0,0.0,0.0,0.0,0.0,0.0,0.0,0.0,0.0,0.0,0.0,0.0,0.0,0.0,0.0,0.0,0.0,0.0,0.0,0.0,0.0,0.0,0.0,0.0,0.0,0.0,0.0,0.0,0.0,0.0,0.0,0.0,0.0,0.0,0.0,0.0,0.0,0.0,0.0,0.0
