lmx0,lmx1,lmx2,lmx3,lmx4,lmx5,lmx6,lmx7,lmx8,lmx9,lmx10,lmx11,lmx12,lmx13,lmx14,lmx15,lmx16,lmx17,lmx18,lmx19,lmx20,lmy0,lmy1,lmy2,lmy3,lmy4,lmy5,lmy6,lmy7,lmy8,lmy9,lmy10,lmy11,lmy12,lmy13,lmy14,lmy15,lmy16,lmy17,lmy18,lmy19,lmy20,lmz0,lmz1,lmz2,lmz3,lmz4,lmz5,lmz6,lmz7,lmz8,lmz9,lmz10,lmz11,lmz12,lmz13,lmz14,lmz15,lmz16,lmz17,lmz18,lmz19,lmz20
0.0,0.0,0.0,0.0,0.0,0.0,0.0,0.0,0.0,0.0,0.0,0.0,0.0,0.0,0.0,0.0,0.0,0.0,0.0,0.0,0.0,0.0,0.0,0.0,0.0,0.0,0.0,0.0,0.0,0.0,0.0,0.0,0.0,0.0,0.0,0.0,0.0,0.0,0.0,0.0,0.0,0.0,0.0,0.0,0.0,0.0,0.0,0.0,0.0,0.0,0.0,0.0,0.0,0.0,0.0,0.0,0.0,0.0,0.0,0.0,0.0,0.0,0.0
0.0,0.0,0.0,0.0,0.0,0.0,0.0,0.0,0.0,0.0,0.0,0.0,0.0,0.0,0.0,0.0,0.0,0.0,0.0,0.0,0.0,0.0,0.0,0.0,0.0,0.0,0.0,0.0,0.0,0.0,0.0,0.0,0.0,0.0,0.0,0.0,0.0,0.0,0.0,0.0,0.0,0.0,0.0,0.0,0.0,0.0,0.0,0.0,0.0,0.0,0.0,0.0,0.0,0.0,0.0,0.0,0.0,0.0,0.0,0.0,0.0,0.0,0.0
0.0,0.0,0.0,0.0,0.0,0.0,0.0,0.0,0.0,0.0,0.0,0.0,0.0,0.0,0.0,0.0,0.0,0.0,0.0,0.0,0.0,0.0,0.0,0.0,0.0,0.0,0.0,0.0,0.0,0.0,0.0,0.0,0.0,0.0,0.0,0.0,0.0,0.0,0.0,0.0,0.0,0.0,0.0,0.0,0.0,0.0,0.0,0.0,0.0,0.0,0.0,0.0,0.0,0.0,0.0,0.0,0.0,0.0,0.0,0.0,0.0,0.0,0.0
0.0,0.0,0.0,0.0,0.0,0.0,0.0,0.0,0.0,0.0,0.0,0.0,0.0,0.0,0.0,0.0,0.0,0.0,0.0,0.0,0.0,0.0,0.0,0.0,0.0,0.0,0.0,0.0,0.0,0.0,0.0,0.0,0.0,0.0,0.0,0.0,0.0,0.0,0.0,0.0,0.0,0.0,0.0,0.0,0.0,0.0,0.0,0.0,0.0,0.0,0.0,0.0,0.0,0.0,0.0,0.0,0.0,0.0,0.0,0.0,0.0,0.0,0.0
0.0,0.0,0.0,0.0,0.0,0.0,0.0,0.0,0.0,0.0,0.0,0.0,0.0,0.0,0.0,0.0,0.0,0.0,0.0,0.0,0.0,0.0,0.0,0.0,0.0,0.0,0.0,0.0,0.0,0.0,0.0,0.0,0.0,0.0,0.0,0.0,0.0,0.0,0.0,0.0,0.0,0.0,0.0,0.0,0.0,0.0,0.0,0.0,0.0,0.0,0.0,0.0,0.0,0.0,0.0,0.0,0.0,0.0,0.0,0.0,0.0,0.0,0.0
0.0,0.0,0.0,0.0,0.0,0.0,0.0,0.0,0.0,0.0,0.0,0.0,0.0,0.0,0.0,0.0,0.0,0.0,0.0,0.0,0.0,0.0,0.0,0.0,0.0,0.0,0.0,0.0,0.0,0.0,0.0,0.0,0.0,0.0,0.0,0.0,0.0,0.0,0.0,0.0,0.0,0.0,0.0,0.0,0.0,0.0,0.0,0.0,0.0,0.0,0.0,0.0,0.0,0.0,0.0,0.0,0.0,0.0,0.0,0.0,0.0,0.0,0.0
0.0,0.0,0.0,0.0,0.0,0.0,0.0,0.0,0.0,0.0,0.0,0.0,0.0,0.0,0.0,0.0,0.0,0.0,0.0,0.0,0.0,0.0,0.0,0.0,0.0,0.0,0.0,0.0,0.0,0.0,0.0,0.0,0.0,0.0,0.0,0.0,0.0,0.0,0.0,0.0,0.0,0.0,0.0,0.0,0.0,0.0,0.0,0.0,0.0,0.0,0.0,0.0,0.0,0.0,0.0,0.0,0.0,0.0,0.0,0.0,0.0,0.0,0.0
0.0,0.0,0.0,0.0,0.0,0.0,0.0,0.0,0.0,0.0,0.0,0.0,0.0,0.0,0.0,0.0,0.0,0.0,0.0,0.0,0.0,0.0,0.0,0.0,0.0,0.0,0.0,0.0,0.0,0.0,0.0,0.0,0.0,0.0,0.0,0.0,0.0,0.0,0.0,0.0,0.0,0.0,0.0,0.0,0.0,0.0,0.0,0.0,0.0,0.0,0.0,0.0,0.0,0.0,0.0,0.0,0.0,0.0,0.0,0.0,0.0,0.0,0.0
0.0,0.0,0.0,0.0,0.0,0.0,0.0,0.0,0.0,0.0,0.0,0.0,0.0,0.0,0.0,0.0,0.0,0.0,0.0,0.0,0.0,0.0,0.0,0.0,0.0,0.0,0.0,0.0,0.0,0.0,0.0,0.0,0.0,0.0,0.0,0.0,0.0,0.0,0.0,0.0,0.0,0.0,0.0,0.0,0.0,0.0,0.0,0.0,0.0,0.0,0.0,0.0,0.0,0.0,0.0,0.0,0.0,0.0,0.0,0.0,0.0,0.0,0.0
0.0,0.0,0.0,0.0,0.0,0.0,0.0,0.0,0.0,0.0,0.0,0.0,0.0,0.0,0.0,0.0,0.0,0.0,0.0,0.0,0.0,0.0,0.0,0.0,0.0,0.0,0.0,0.0,0.0,0.0,0.0,0.0,0.0,0.0,0.0,0.0,0.0,0.0,0.0,0.0,0.0,0.0,0.0,0.0,0.0,0.0,0.0,0.0,0.0,0.0,0.0,0.0,0.0,0.0,0.0,0.0,0.0,0.0,0.0,0.0,0.0,0.0,0.0
0.0,0.0,0.0,0.0,0.0,0.0,0.0,0.0,0.0,0.0,0.0,0.0,0.0,0.0,0.0,0.0,0.0,0.0,0.0,0.0,0.0,0.0,0.0,0.0,0.0,0.0,0.0,0.0,0.0,0.0,0.0,0.0,0.0,0.0,0.0,0.0,0.0,0.0,0.0,0.0,0.0,0.0,0.0,0.0,0.0,0.0,0.0,0.0,0.0,0.0,0.0,0.0,0.0,0.0,0.0,0.0,0.0,0.0,0.0,0.0,0.0,0.0,0.0
0.0,0.0,0.0,0.0,0.0,0.0,0.0,0.0,0.0,0.0,0.0,0.0,0.0,0.0,0.0,0.0,0.0,0.0,0.0,0.0,0.0,0.0,0.0,0.0,0.0,0.0,0.0,0.0,0.0,0.0,0.0,0.0,0.0,0.0,0.0,0.0,0.0,0.0,0.0,0.0,0.0,0.0,0.0,0.0,0.0,0.0,0.0,0.0,0.0,0.0,0.0,0.0,0.0,0.0,0.0,0.0,0.0,0.0,0.0,0.0,0.0,0.0,0.0
0.0,0.0,0.0,0.0,0.0,0.0,0.0,0.0,0.0,0.0,0.0,0.0,0.0,0.0,0.0,0.0,0.0,0.0,0.0,0.0,0.0,0.0,0.0,0.0,0.0,0.0,0.0,0.0,0.0,0.0,0.0,0.0,0.0,0.0,0.0,0.0,0.0,0.0,0.0,0.0,0.0,0.0,0.0,0.0,0.0,0.0,0.0,0.0,0.0,0.0,0.0,0.0,0.0,0.0,0.0,0.0,0.0,0.0,0.0,0.0,0.0,0.0,0.0
0.0,0.0,0.0,0.0,0.0,0.0,0.0,0.0,0.0,0.0,0.0,0.0,0.0,0.0,0.0,0.0,0.0,0.0,0.0,0.0,0.0,0.0,0.0,0.0,0.0,0.0,0.0,0.0,0.0,0.0,0.0,0.0,0.0,0.0,0.0,0.0,0.0,0.0,0.0,0.0,0.0,0.0,0.0,0.0,0.0,0.0,0.0,0.0,0.0,0.0,0.0,0.0,0.0,0.0,0.0,0.0,0.0,0.0,0.0,0.0,0.0,0.0,0.0
0.0,0.0,0.0,0.0,0.0,0.0,0.0,0.0,0.0,0.0,0.0,0.0,0.0,0.0,0.0,0.0,0.0,0.0,0.0,0.0,0.0,0.0,0.0,0.0,0.0,0.0,0.0,0.0,0.0,0.0,0.0,0.0,0.0,0.0,0.0,0.0,0.0,0.0,0.0,0.0,0.0,0.0,0.0,0.0,0.0,0.0,0.0,0.0,0.0,0.0,0.0,0.0,0.0,0.0,0.0,0.0,0.0,0.0,0.0,0.0,0.0,0.0,0.0
0.0,0.0,0.0,0.0,0.0,0.0,0.0,0.0,0.0,0.0,0.0,0.0,0.0,0.0,0.0,0.0,0.0,0.0,0.0,0.0,0.0,0.0,0.0,0.0,0.0,0.0,0.0,0.0,0.0,0.0,0.0,0.0,0.0,0.0,0.0,0.0,0.0,0.0,0.0,0.0,0.0,0.0,0.0,0.0,0.0,0.0,0.0,0.0,0.0,0.0,0.0,0.0,0.0,0.0,0.0,0.0,0.0,0.0,0.0,0.0,0.0,0.0,0.0
0.0,0.0,0.0,0.0,0.0,0.0,0.0,0.0,0.0,0.0,0.0,0.0,0.0,0.0,0.0,0.0,0.0,0.0,0.0,0.0,0.0,0.0,0.0,0.0,0.0,0.0,0.0,0.0,0.0,0.0,0.0,0.0,0.0,0.0,0.0,0.0,0.0,0.0,0.0,0.0,0.0,0.0,0.0,0.0,0.0,0.0,0.0,0.0,0.0,0.0,0.0,0.0,0.0,0.0,0.0,0.0,0.0,0.0,0.0,0.0,0.0,0.0,0.0
0.0,0.0,0.0,0.0,0.0,0.0,0.0,0.0,0.0,0.0,0.0,0.0,0.0,0.0,0.0,0.0,0.0,0.0,0.0,0.0,0.0,0.0,0.0,0.0,0.0,0.0,0.0,0.0,0.0,0.0,0.0,0.0,0.0,0.0,0.0,0.0,0.0,0.0,0.0,0.0,0.0,0.0,0.0,0.0,0.0,0.0,0.0,0.0,0.0,0.0,0.0,0.0,0.0,0.0,0.0,0.0,0.0,0.0,0.0,0.0,0.0,0.0,0.0
0.0,0.0,0.0,0.0,0.0,0.0,0.0,0.0,0.0,0.0,0.0,0.0,0.0,0.0,0.0,0.0,0.0,0.0,0.0,0.0,0.0,0.0,0.0,0.0,0.0,0.0,0.0,0.0,0.0,0.0,0.0,0.0,0.0,0.0,0.0,0.0,0.0,0.0,0.0,0.0,0.0,0.0,0.0,0.0,0.0,0.0,0.0,0.0,0.0,0.0,0.0,0.0,0.0,0.0,0.0,0.0,0.0,0.0,0.0,0.0,0.0,0.0,0.0
0.0,0.0,0.0,0.0,0.0,0.0,0.0,0.0,0.0,0.0,0.0,0.0,0.0,0.0,0.0,0.0,0.0,0.0,0.0,0.0,0.0,0.0,0.0,0.0,0.0,0.0,0.0,0.0,0.0,0.0,0.0,0.0,0.0,0.0,0.0,0.0,0.0,0.0,0.0,0.0,0.0,0.0,0.0,0.0,0.0,0.0,0.0,0.0,0.0,0.0,0.0,0.0,0.0,0.0,0.0,0.0,0.0,0.0,0.0,0.0,0.0,0.0,0.0
0.0,0.0,0.0,0.0,0.0,0.0,0.0,0.0,0.0,0.0,0.0,0.0,0.0,0.0,0.0,0.0,0.0,0.0,0.0,0.0,0.0,0.0,0.0,0.0,0.0,0.0,0.0,0.0,0.0,0.0,0.0,0.0,0.0,0.0,0.0,0.0,0.0,0.0,0.0,0.0,0.0,0.0,0.0,0.0,0.0,0.0,0.0,0.0,0.0,0.0,0.0,0.0,0.0,0.0,0.0,0.0,0.0,0.0,0.0,0.0,0.0,0.0,0.0
0.0,0.0,0.0,0.0,0.0,0.0,0.0,0.0,0.0,0.0,0.0,0.0,0.0,0.0,0.0,0.0,0.0,0.0,0.0,0.0,0.0,0.0,0.0,0.0,0.0,0.0,0.0,0.0,0.0,0.0,0.0,0.0,0.0,0.0,0.0,0.0,0.0,0.0,0.0,0.0,0.0,0.0,0.0,0.0,0.0,0.0,0.0,0.0,0.0,0.0,0.0,0.0,0.0,0.0,0.0,0.0,0.0,0.0,0.0,0.0,0.0,0.0,0.0
0.0,0.0,0.0,0.0,0.0,0.0,0.0,0.0,0.0,0.0,0.0,0.0,0.0,0.0,0.0,0.0,0.0,0.0,0.0,0.0,0.0,0.0,0.0,0.0,0.0,0.0,0.0,0.0,0.0,0.0,0.0,0.0,0.0,0.0,0.0,0.0,0.0,0.0,0.0,0.0,0.0,0.0,0.0,0.0,0.0,0.0,0.0,0.0,0.0,0.0,0.0,0.0,0.0,0.0,0.0,0.0,0.0,0.0,0.0,0.0,0.0,0.0,0.0
0.0,0.0,0.0,0.0,0.0,0.0,0.0,0.0,0.0,0.0,0.0,0.0,0.0,0.0,0.0,0.0,0.0,0.0,0.0,0.0,0.0,0.0,0.0,0.0,0.0,0.0,0.0,0.0,0.0,0.0,0.0,0.0,0.0,0.0,0.0,0.0,0.0,0.0,0.0,0.0,0.0,0.0,0.0,0.0,0.0,0.0,0.0,0.0,0.0,0.0,0.0,0.0,0.0,0.0,0.0,0.0,0.0,0.0,0.0,0.0,0.0,0.0,0.0
0.0,0.0,0.0,0.0,0.0,0.0,0.0,0.0,0.0,0.0,0.0,0.0,0.0,0.0,0.0,0.0,0.0,0.0,0.0,0.0,0.0,0.0,0.0,0.0,0.0,0.0,0.0,0.0,0.0,0.0,0.0,0.0,0.0,0.0,0.0,0.0,0.0,0.0,0.0,0.0,0.0,0.0,0.0,0.0,0.0,0.0,0.0,0.0,0.0,0.0,0.0,0.0,0.0,0.0,0.0,0.0,0.0,0.0,0.0,0.0,0.0,0.0,0.0
0.0,0.0,0.0,0.0,0.0,0.0,0.0,0.0,0.0,0.0,0.0,0.0,0.0,0.0,0.0,0.0,0.0,0.0,0.0,0.0,0.0,0.0,0.0,0.0,0.0,0.0,0.0,0.0,0.0,0.0,0.0,0.0,0.0,0.0,0.0,0.0,0.0,0.0,0.0,0.0,0.0,0.0,0.0,0.0,0.0,0.0,0.0,0.0,0.0,0.0,0.0,0.0,0.0,0.0,0.0,0.0,0.0,0.0,0.0,0.0,0.0,0.0,0.0
0.4000317454338074,0.3558542728424072,0.3301964998245239,0.3232967257499695,0.3356548547744751,0.3671121895313263,0.35839366912841797,0.35060247778892517,0.3504980206489563,0.39805373549461365,0.3929307162761688,0.3867575526237488,0.3831653594970703,0.42638111114501953,0.43003714084625244,0.42789381742477417,0.4236335754394531,0.4496835470199585,0.46829766035079956,0.4777103066444397,0.48340904712677,0.5999886989593506,0.5596580505371094,0.504302442073822,0.4434458613395691,0.4055821895599365,0.4825155735015869,0.40501806139945984,0.41451987624168396,0.4361535906791687,0.47268491983413696,0.36050301790237427,0.3320609927177429,0.3219696283340454,0.4717423915863037,0.3700534701347351,0.34108981490135193,0.32832011580467224,0.47908902168273926,0.42471587657928467,0.3962254226207733,0.37724360823631287,-1.8154429426431307e-07,-0.007268744986504316,-0.015369180589914322,-0.021340947598218918,-0.02474958263337612,-0.029309265315532684,-0.04078962281346321,-0.04128793254494667,-0.039062801748514175,-0.03074626997113228,-0.04177702218294144,-0.04071972519159317,-0.03857645019888878,-0.031745873391628265,-0.042214684188365936,-0.041736628860235214,-0.04021497443318367,-0.03237437456846237,-0.03994598612189293,-0.040620069950819016,-0.04021412134170532
0.4120422899723053,0.37166669964790344,0.3478439450263977,0.3404429256916046,0.35278213024139404,0.3924546241760254,0.3833794891834259,0.37519150972366333,0.37433838844299316,0.42310580611228943,0.42250245809555054,0.4214046895503998,0.420472115278244,0.448493093252182,0.4587990939617157,0.4647776782512665,0.4676840305328369,0.46634411811828613,0.4888979494571686,0.5039253234863281,0.5166943669319153,0.6050974726676941,0.5607755780220032,0.5037755966186523,0.4451751708984375,0.4042438268661499,0.49967890977859497,0.42125391960144043,0.4308476150035858,0.455679327249527,0.49190086126327515,0.39806681871414185,0.34920090436935425,0.31428229808807373,0.49059635400772095,0.4078805148601532,0.3661680221557617,0.3357571065425873,0.4954446256160736,0.4472179412841797,0.4197053015232086,0.3988076448440552,8.821920083335044e-09,-0.010041933506727219,-0.020431019365787506,-0.02962934784591198,-0.03712872788310051,-0.030133141204714775,-0.048496831208467484,-0.057125404477119446,-0.059339575469493866,-0.030974306166172028,-0.04077819734811783,-0.04491013288497925,-0.04918401688337326,-0.03242132440209389,-0.04273432120680809,-0.04800405353307724,-0.05196108669042587,-0.03381594642996788,-0.04224113002419472,-0.04462886229157448,-0.046147704124450684
0.4267122149467468,0.387395441532135,0.3649427890777588,0.36067110300064087,0.37514036893844604,0.4133528172969818,0.4044698178768158,0.39658597111701965,0.3966194689273834,0.4458668529987335,0.4482724666595459,0.45151013135910034,0.454940527677536,0.4699496626853943,0.4870123863220215,0.4974941611289978,0.5059435367584229,0.48400864005088806,0.5095102190971375,0.5280336737632751,0.5438981056213379,0.599381148815155,0.5542649030685425,0.4947340488433838,0.43662229180336,0.39837849140167236,0.5068067312240601,0.4161560833454132,0.4284695088863373,0.4528517425060272,0.5019763708114624,0.40573230385780334,0.3565771281719208,0.31825631856918335,0.5015085339546204,0.4232511520385742,0.3825596570968628,0.3512488007545471,0.504187822341919,0.4600825309753418,0.43522781133651733,0.41586747765541077,8.888160607511963e-08,-0.014643312431871891,-0.02456563338637352,-0.03137802332639694,-0.035821426659822464,-0.03581971302628517,-0.050902873277664185,-0.056181401014328,-0.056801047176122665,-0.033435314893722534,-0.04290096461772919,-0.04780463129281998,-0.05290521681308746,-0.031314291059970856,-0.04176906496286392,-0.04870043694972992,-0.05381036922335625,-0.029095826670527458,-0.03836655989289284,-0.04198133945465088,-0.04449474811553955
0.4417385756969452,0.40418559312820435,0.384983628988266,0.38299834728240967,0.3977862596511841,0.43603357672691345,0.42828699946403503,0.413737952709198,0.40892088413238525,0.4670482575893402,0.47738897800445557,0.484049916267395,0.49185311794281006,0.48847696185112,0.5127599835395813,0.527428388595581,0.5400072336196899,0.5004491806030273,0.5296114087104797,0.5510414242744446,0.5690839290618896,0.6062571406364441,0.5594284534454346,0.49738574028015137,0.43729791045188904,0.3992937505245209,0.5105698108673096,0.42369550466537476,0.4273405373096466,0.44668370485305786,0.5094161033630371,0.4133492708206177,0.3634599447250366,0.32658129930496216,0.5115206241607666,0.43794041872024536,0.39623162150382996,0.3640693724155426,0.515687108039856,0.4727565050125122,0.44916948676109314,0.42952069640159607,1.2345479660780256e-07,-0.0161337461322546,-0.026389610022306442,-0.03258045017719269,-0.0363415889441967,-0.04050746560096741,-0.0552581362426281,-0.05931410565972328,-0.05940503999590874,-0.03775106370449066,-0.05166607350111008,-0.05712315812706947,-0.06121450662612915,-0.03476657718420029,-0.04951468110084534,-0.05710754916071892,-0.06115313246846199,-0.031385913491249084,-0.043691087514162064,-0.047532353550195694,-0.04925457015633583
0.4515717625617981,0.41594675183296204,0.3993058502674103,0.400455504655838,0.4133947491645813,0.4558773636817932,0.44960349798202515,0.4314977824687958,0.42346513271331787,0.4870688021183014,0.5026991963386536,0.5117896199226379,0.5222564935684204,0.5071768164634705,0.5347856879234314,0.5526305437088013,0.5685978531837463,0.517318606376648,0.5485177040100098,0.5719823241233826,0.5920634865760803,0.6067079305648804,0.5589646100997925,0.49804243445396423,0.43835097551345825,0.39698898792266846,0.5174917578697205,0.42732834815979004,0.4239773154258728,0.44153499603271484,0.5171623229980469,0.4218212068080902,0.3709663450717926,0.33546462655067444,0.5176862478256226,0.44746360182762146,0.4065290689468384,0.37603798508644104,0.5187267065048218,0.4762105941772461,0.45663684606552124,0.4423923194408417,1.656306380937167e-07,-0.021844353526830673,-0.03445352986454964,-0.041510164737701416,-0.04591948166489601,-0.048282451927661896,-0.0636037066578865,-0.06713598221540451,-0.06647168844938278,-0.04217206686735153,-0.059662505984306335,-0.06654714792966843,-0.07081694900989532,-0.03561454266309738,-0.053197067230939865,-0.06174711510539055,-0.06553838402032852,-0.028859296813607216,-0.04201953858137131,-0.04572652652859688,-0.04690903425216675
0.4584897756576538,0.4264686107635498,0.413404256105423,0.4168983995914459,0.43013596534729004,0.47287383675575256,0.468147873878479,0.44744038581848145,0.4380417466163635,0.5035809278488159,0.5230725407600403,0.5335642099380493,0.5470241904258728,0.5220242738723755,0.5548617839813232,0.5747401118278503,0.5930047035217285,0.5301513075828552,0.5656943321228027,0.5904109477996826,0.6121022701263428,0.6106619238853455,0.5625936985015869,0.4998558759689331,0.4389609098434448,0.39794620871543884,0.518526017665863,0.4323619306087494,0.42080092430114746,0.4327988028526306,0.5191566944122314,0.4279542565345764,0.37622594833374023,0.3394128680229187,0.5201767086982727,0.4544549286365509,0.41628146171569824,0.3874199390411377,0.5213725566864014,0.4816279411315918,0.4636850953102112,0.44924595952033997,1.446734216870027e-07,-0.02420194447040558,-0.03753206506371498,-0.045209188014268875,-0.050400879234075546,-0.046220384538173676,-0.06261834502220154,-0.06903599202632904,-0.07072900235652924,-0.040006790310144424,-0.05843313783407211,-0.06744220852851868,-0.0732508972287178,-0.03387271985411644,-0.05318611487746239,-0.0633985847234726,-0.0680273175239563,-0.027762247249484062,-0.04250418022274971,-0.04700474441051483,-0.04855271428823471
0.4671249985694885,0.43682244420051575,0.4235469102859497,0.4274589717388153,0.4409583508968353,0.4845463037490845,0.48469623923301697,0.4620421230792999,0.44931647181510925,0.514377236366272,0.5376757979393005,0.5495054125785828,0.563965916633606,0.5314083099365234,0.5690696835517883,0.5920196771621704,0.6131553649902344,0.5380278825759888,0.5760306119918823,0.6024184823036194,0.6258942484855652,0.6165399551391602,0.5660881400108337,0.5026308298110962,0.44229456782341003,0.40033748745918274,0.521640956401825,0.4340657889842987,0.41716206073760986,0.42536085844039917,0.5232619047164917,0.4333193600177765,0.380718469619751,0.3447211980819702,0.5245734453201294,0.461187481880188,0.424074649810791,0.3976243734359741,0.5249683260917664,0.4868130087852478,0.4708240330219269,0.45988988876342773,1.5879811599006644e-07,-0.025172650814056396,-0.040261160582304,-0.049429699778556824,-0.055869802832603455,-0.050633806735277176,-0.06742730736732483,-0.07336803525686264,-0.07484035938978195,-0.04370730742812157,-0.067306287586689,-0.07834093272686005,-0.08487515151500702,-0.03623480349779129,-0.059004902839660645,-0.06978687644004822,-0.07407905906438828,-0.028567083179950714,-0.04459384083747864,-0.04924317076802254,-0.05067979171872139
0.47172337770462036,0.44391921162605286,0.4333747625350952,0.43905746936798096,0.45239126682281494,0.4948224127292633,0.49374473094940186,0.4703657031059265,0.4573693573474884,0.5239232182502747,0.5492411851882935,0.5634645819664001,0.5799099206924438,0.5397668480873108,0.5798642635345459,0.6054133176803589,0.6286525726318359,0.5451891422271729,0.5851322412490845,0.6126354336738586,0.6365547776222229,0.6213973164558411,0.5681824088096619,0.503029465675354,0.4427233338356018,0.3999258279800415,0.5218315124511719,0.4348418414592743,0.420705646276474,0.4308430254459381,0.524706244468689,0.43524637818336487,0.3841165602207184,0.34906435012817383,0.5275538563728333,0.46446648240089417,0.43006667494773865,0.4056621789932251,0.5292377471923828,0.48945334553718567,0.4744625687599182,0.4645521342754364,1.6907779354369268e-07,-0.023715898394584656,-0.03823874890804291,-0.047182731330394745,-0.053276415914297104,-0.04888433218002319,-0.06588807702064514,-0.07220926880836487,-0.07374542951583862,-0.042673129588365555,-0.06721947342157364,-0.07900110632181168,-0.08582636713981628,-0.035762589424848557,-0.05909257382154465,-0.06963715702295303,-0.07338500767946243,-0.028499754145741463,-0.0443061962723732,-0.04805789515376091,-0.048603884875774384
0.47622150182724,0.45097780227661133,0.44176962971687317,0.4474247395992279,0.4601914882659912,0.5023030042648315,0.5017191171646118,0.4793531894683838,0.4670952558517456,0.5315155982971191,0.5590006709098816,0.5749414563179016,0.5924550890922546,0.5468680262565613,0.5891733765602112,0.6163146495819092,0.6408994793891907,0.5516614317893982,0.592719554901123,0.6204034090042114,0.644311249256134,0.6261383891105652,0.570278525352478,0.503991961479187,0.4448237717151642,0.4018069803714752,0.5226613283157349,0.4350941479206085,0.42046189308166504,0.4294659197330475,0.5266644954681396,0.4380055367946625,0.3877807557582855,0.35373955965042114,0.5307337641716003,0.46957919001579285,0.43636980652809143,0.41292816400527954,0.5333430171012878,0.49398764967918396,0.4777582287788391,0.466609388589859,1.7350841119423421e-07,-0.02273888699710369,-0.03702950477600098,-0.046085551381111145,-0.05235110595822334,-0.04741624370217323,-0.0644812136888504,-0.07102015614509583,-0.07261940091848373,-0.04186699539422989,-0.06676898151636124,-0.07820038497447968,-0.08455900847911835,-0.03574828431010246,-0.05939799174666405,-0.06974218040704727,-0.07308395951986313,-0.029218843206763268,-0.04453838989138603,-0.04790792986750603,-0.04823632165789604
0.4801943004131317,0.45518016815185547,0.44668909907341003,0.4526045024394989,0.4653695523738861,0.5087610483169556,0.5093103051185608,0.48519906401634216,0.4718955457210541,0.5380231142044067,0.5651426911354065,0.581518292427063,0.6004766821861267,0.5529442429542542,0.5965605974197388,0.6239221096038818,0.6491760611534119,0.5570042133331299,0.5987870097160339,0.6270109415054321,0.651847243309021,0.6308422684669495,0.5721518397331238,0.504816472530365,0.4446904957294464,0.401549756526947,0.5253453850746155,0.4352051615715027,0.4202375113964081,0.42911940813064575,0.5301691293716431,0.44159790873527527,0.3914802670478821,0.35737374424934387,0.5347546935081482,0.474104642868042,0.44132065773010254,0.4187318980693817,0.5366206169128418,0.4968108832836151,0.48157262802124023,0.47138261795043945,1.646070302285807e-07,-0.0236786101013422,-0.038695406168699265,-0.0482361875474453,-0.05493224412202835,-0.04916852340102196,-0.06643747538328171,-0.07347366213798523,-0.07547417283058167,-0.04263707622885704,-0.06774698197841644,-0.07969530671834946,-0.08683877438306808,-0.03539657965302467,-0.059002745896577835,-0.06946903467178345,-0.07318729162216187,-0.027811119332909584,-0.04334637522697449,-0.04693495109677315,-0.04758313298225403
0.4825536608695984,0.45844781398773193,0.4506196975708008,0.4557015001773834,0.46933379769325256,0.5131383538246155,0.5133742690086365,0.4892958998680115,0.4757952392101288,0.5411039590835571,0.5687553882598877,0.5862451791763306,0.6058040857315063,0.5560709238052368,0.598199188709259,0.6255431175231934,0.6507905721664429,0.5605589747428894,0.6023807525634766,0.6310041546821594,0.6561168432235718,0.6300457119941711,0.5713649392127991,0.5040886402130127,0.4436202645301819,0.40136224031448364,0.5251266956329346,0.4354364573955536,0.4203529357910156,0.4291532337665558,0.529304027557373,0.43977439403533936,0.39048925042152405,0.35759374499320984,0.5338370203971863,0.47366616129875183,0.4419613480567932,0.4206940531730652,0.5365815162658691,0.49781814217567444,0.48387885093688965,0.4749757647514343,1.601017629582202e-07,-0.02344825305044651,-0.03837444633245468,-0.048236340284347534,-0.0552629679441452,-0.04718123748898506,-0.06538505107164383,-0.07326745986938477,-0.07568163424730301,-0.04113483056426048,-0.06584885716438293,-0.07723575830459595,-0.08391590416431427,-0.03487524017691612,-0.05838772654533386,-0.06909643113613129,-0.07294575124979019,-0.028440332040190697,-0.044479791074991226,-0.048707012087106705,-0.04973273724317551
0.48522746562957764,0.46063753962516785,0.45357704162597656,0.45884954929351807,0.4723101854324341,0.5158817768096924,0.5160737633705139,0.4920586049556732,0.4784386157989502,0.5433098673820496,0.5708907246589661,0.5886390209197998,0.6086138486862183,0.5580417513847351,0.5999484062194824,0.6267436146736145,0.6514871716499329,0.5625759363174438,0.604049563407898,0.6322682499885559,0.6569652557373047,0.6297679543495178,0.5705358982086182,0.5025733113288879,0.4421435594558716,0.4001099467277527,0.5251973271369934,0.4359357953071594,0.41980165243148804,0.4278129041194916,0.5292317867279053,0.439726859331131,0.39029696583747864,0.35779279470443726,0.5335199236869812,0.4731312096118927,0.4410521388053894,0.4194015860557556,0.5359398126602173,0.49640214443206787,0.48204559087753296,0.472093790769577,1.4679089588298666e-07,-0.02261800691485405,-0.036743927747011185,-0.04588595777750015,-0.052245594561100006,-0.04557911306619644,-0.06305839866399765,-0.0706537514925003,-0.07291093468666077,-0.039701908826828,-0.06362204253673553,-0.0747174397110939,-0.08130282163619995,-0.033568501472473145,-0.056430917233228683,-0.06696109473705292,-0.07078497856855392,-0.02720986120402813,-0.04280926287174225,-0.04689016193151474,-0.047926705330610275
0.4868476688861847,0.4621177911758423,0.45522627234458923,0.460964173078537,0.47481203079223633,0.5174161195755005,0.5176258683204651,0.49321410059928894,0.4798314869403839,0.5447112321853638,0.5721510052680969,0.5897244215011597,0.6097943186759949,0.5591272115707397,0.6013864278793335,0.6283936500549316,0.6534350514411926,0.5635453462600708,0.6052934527397156,0.6336548924446106,0.6585937738418579,0.6288590431213379,0.5696115493774414,0.5018401741981506,0.44155511260032654,0.3999149203300476,0.5234596729278564,0.4354913830757141,0.4201675057411194,0.4285023510456085,0.5276901125907898,0.4392792284488678,0.3896014392375946,0.3565467596054077,0.5323705673217773,0.47334277629852295,0.4413205683231354,0.4196333587169647,0.5352234244346619,0.4966641068458557,0.4825015962123871,0.472610205411911,1.532341400434234e-07,-0.022716987878084183,-0.03696373477578163,-0.04620202258229256,-0.05265902355313301,-0.045756131410598755,-0.06285875290632248,-0.07015885412693024,-0.07242874801158905,-0.03980264067649841,-0.06405369192361832,-0.0755048394203186,-0.08243896067142487,-0.03349059447646141,-0.05677134916186333,-0.06756597012281418,-0.07158263772726059,-0.026901377364993095,-0.04290001839399338,-0.047313012182712555,-0.04861487075686455
0.48720231652259827,0.46325987577438354,0.45644503831863403,0.46151256561279297,0.47494977712631226,0.5185946822166443,0.5180381536483765,0.49403002858161926,0.4805246889591217,0.5456127524375916,0.5730434060096741,0.5909712910652161,0.6113529205322266,0.5600007772445679,0.6019591689109802,0.6286537647247314,0.6531909704208374,0.5642679333686829,0.6060251593589783,0.6341632008552551,0.6586918234825134,0.6267575025558472,0.5688971877098083,0.5024254322052002,0.44264981150627136,0.40134790539741516,0.5227014422416687,0.43619051575660706,0.42029088735580444,0.4283486306667328,0.5264735817909241,0.4389415681362152,0.38967451453208923,0.35679692029953003,0.5308586359024048,0.47250354290008545,0.4410133361816406,0.4193168580532074,0.5336571931838989,0.496212899684906,0.482110857963562,0.4721141457557678,1.5431844246904802e-07,-0.02251240238547325,-0.036786772310733795,-0.046235233545303345,-0.05298937112092972,-0.04461508244276047,-0.06214306131005287,-0.07003077864646912,-0.07255537062883377,-0.03885224089026451,-0.06258977204561234,-0.07384220510721207,-0.08061261475086212,-0.032909877598285675,-0.05571291223168373,-0.0663219466805458,-0.07025551795959473,-0.02677212841808796,-0.0423620231449604,-0.046558916568756104,-0.047717608511447906
0.4883706271648407,0.4637850522994995,0.45725518465042114,0.462412029504776,0.4753817319869995,0.5185259580612183,0.5180575847625732,0.49425822496414185,0.48131439089775085,0.5457683205604553,0.5733397006988525,0.5907224416732788,0.6107528805732727,0.5601245164871216,0.6017080545425415,0.6278690695762634,0.6521801948547363,0.5642226934432983,0.6055312752723694,0.6333940029144287,0.6578012704849243,0.6270083785057068,0.5687904357910156,0.5023110508918762,0.44256389141082764,0.4011245667934418,0.5216732025146484,0.43517082929611206,0.41982579231262207,0.4287181794643402,0.5256889462471008,0.4388684332370758,0.39002373814582825,0.35783055424690247,0.5298467874526978,0.47141602635383606,0.43945446610450745,0.41748321056365967,0.5323105454444885,0.4953233003616333,0.48171359300613403,0.472002238035202,1.5282398635463323e-07,-0.022646820172667503,-0.03635384142398834,-0.0451582670211792,-0.05124564841389656,-0.04345150291919708,-0.05992841348052025,-0.06701212376356125,-0.06916005909442902,-0.03747614100575447,-0.06092144548892975,-0.07217788696289062,-0.07893331348896027,-0.03136127442121506,-0.05436274781823158,-0.06560882925987244,-0.06993776559829712,-0.02499031275510788,-0.04085936397314072,-0.04557568207383156,-0.04710489511489868
0.4875788390636444,0.4639613628387451,0.4570181369781494,0.4616113007068634,0.47416597604751587,0.5177072882652283,0.5171377062797546,0.4930691719055176,0.47996068000793457,0.5450701117515564,0.5726709365844727,0.5907034277915955,0.6111819744110107,0.5593921542167664,0.601402997970581,0.6279323101043701,0.6521980166435242,0.5636050701141357,0.605160117149353,0.6331736445426941,0.6573296785354614,0.6275087594985962,0.5697941184043884,0.5037876963615417,0.44368940591812134,0.40166231989860535,0.5213960409164429,0.4346187710762024,0.4196614623069763,0.42852625250816345,0.5255782604217529,0.4375261962413788,0.3881308436393738,0.354991614818573,0.5302891731262207,0.47184646129608154,0.4400842487812042,0.41788747906684875,0.5331796407699585,0.4958689510822296,0.4820021092891693,0.47214752435684204,1.6622307441593875e-07,-0.022353224456310272,-0.03641239181160927,-0.045558881014585495,-0.051969993859529495,-0.04408949241042137,-0.06120619922876358,-0.06873581558465958,-0.07103215903043747,-0.03822966665029526,-0.062335506081581116,-0.07400338351726532,-0.08090663701295853,-0.0320725180208683,-0.05509527772665024,-0.06601810455322266,-0.07004023343324661,-0.025624500587582588,-0.04093540832400322,-0.04500940442085266,-0.0460515134036541
0.48636704683303833,0.462645947933197,0.4561130404472351,0.4608771502971649,0.47379636764526367,0.5174965858459473,0.5173174738883972,0.4932517111301422,0.47974950075149536,0.5441566705703735,0.5721633434295654,0.5901740789413452,0.6106533408164978,0.5582122802734375,0.6002188324928284,0.6267969608306885,0.6509432792663574,0.5622281432151794,0.6038413047790527,0.6319736838340759,0.6560515761375427,0.6267566680908203,0.5691167712211609,0.5024491548538208,0.4421561658382416,0.4003738760948181,0.5206097364425659,0.43512362241744995,0.4193689227104187,0.42758414149284363,0.524700939655304,0.4383421540260315,0.38936710357666016,0.3561514616012573,0.5293201804161072,0.47060906887054443,0.4383726418018341,0.41544899344444275,0.5321669578552246,0.4953189492225647,0.48098886013031006,0.47027894854545593,1.5773653672113142e-07,-0.022661183029413223,-0.036466360092163086,-0.04550725221633911,-0.051872748881578445,-0.042469821870326996,-0.0595371313393116,-0.06743821501731873,-0.06994996219873428,-0.03662751615047455,-0.0592191256582737,-0.07025698572397232,-0.07694052159786224,-0.0308743417263031,-0.05295997112989426,-0.06396141648292542,-0.06831949204206467,-0.02499249391257763,-0.04023730382323265,-0.04472503066062927,-0.04617200419306755
0.48610904812812805,0.46211153268814087,0.4552299976348877,0.4593973457813263,0.47156500816345215,0.5167823433876038,0.5163761973381042,0.4928951561450958,0.47990933060646057,0.5432498455047607,0.5710905194282532,0.589165210723877,0.6096374988555908,0.5572099089622498,0.59860759973526,0.6249842643737793,0.6489647626876831,0.5614001750946045,0.6028177738189697,0.6308670043945312,0.6550363898277283,0.6261028051376343,0.5688199400901794,0.5023577809333801,0.44202664494514465,0.4000343680381775,0.5196471214294434,0.43424758315086365,0.4190114140510559,0.4275330901145935,0.5233137011528015,0.43679675459861755,0.3879470229148865,0.3548632264137268,0.5279667377471924,0.46967101097106934,0.4381174147129059,0.4158247411251068,0.5314174890518188,0.4945560097694397,0.4801875352859497,0.4695200026035309,1.59631085239198e-07,-0.02265402488410473,-0.036289989948272705,-0.04527966305613518,-0.051589302718639374,-0.04145919531583786,-0.058488063514232635,-0.06662732362747192,-0.06939207017421722,-0.03581764176487923,-0.05815752223134041,-0.06917425245046616,-0.07589071989059448,-0.030419914051890373,-0.05234372988343239,-0.06324873864650726,-0.06755245476961136,-0.02497265674173832,-0.04012688621878624,-0.04455266892910004,-0.04597284272313118
0.48488932847976685,0.4604852795600891,0.45363903045654297,0.4583052098751068,0.4705772399902344,0.5150270462036133,0.5151309370994568,0.4913434088230133,0.47846174240112305,0.5417718291282654,0.5693692564964294,0.5873517394065857,0.6079010367393494,0.5558401942253113,0.5970879793167114,0.6236649751663208,0.6478307247161865,0.5601823925971985,0.6016327142715454,0.6298224329948425,0.6542271375656128,0.6250892877578735,0.5669152140617371,0.5007114410400391,0.4411022663116455,0.39912480115890503,0.5181839466094971,0.4320604205131531,0.4184838533401489,0.42850741744041443,0.5220133066177368,0.435477614402771,0.38645777106285095,0.3530001938343048,0.5266827940940857,0.46814221143722534,0.43655693531036377,0.4143295884132385,0.5299214720726013,0.4930098056793213,0.4786107540130615,0.46797963976860046,1.5888495852323103e-07,-0.02186436951160431,-0.035024773329496384,-0.04366119205951691,-0.04965772107243538,-0.04161859676241875,-0.058097079396247864,-0.06541663408279419,-0.06770709902048111,-0.03628240525722504,-0.05943305045366287,-0.07080921530723572,-0.077617347240448,-0.030963150784373283,-0.05362851545214653,-0.06506667286157608,-0.06955310702323914,-0.025418007746338844,-0.040967389941215515,-0.045752182602882385,-0.047365907579660416
0.4839208722114563,0.45953306555747986,0.4521869719028473,0.45641306042671204,0.46828821301460266,0.5136487483978271,0.5138174295425415,0.4902736246585846,0.47732648253440857,0.5403766632080078,0.5681000351905823,0.5859922170639038,0.6062514185905457,0.5546705722808838,0.5956151485443115,0.6220610737800598,0.6461129188537598,0.5591460466384888,0.6001653671264648,0.6280257701873779,0.652153730392456,0.6223540902137756,0.5657172203063965,0.5002161264419556,0.44115543365478516,0.39875826239585876,0.5176712274551392,0.43168357014656067,0.4181947708129883,0.42864206433296204,0.5210822224617004,0.4346407353878021,0.3863545358181,0.35357093811035156,0.5254694223403931,0.46708032488822937,0.43627312779426575,0.4143388271331787,0.5288764238357544,0.49156609177589417,0.47708094120025635,0.4664607048034668,1.454794897881584e-07,-0.021402789279818535,-0.034479770809412,-0.04332035779953003,-0.04951898008584976,-0.040396496653556824,-0.057198502123355865,-0.06494807451963425,-0.06741826236248016,-0.035623565316200256,-0.05734778568148613,-0.06789977103471756,-0.0743267759680748,-0.031118053942918777,-0.052684683352708817,-0.06361204385757446,-0.06801360845565796,-0.026497291401028633,-0.041511330753564835,-0.045976340770721436,-0.047472283244132996
0.4832518696784973,0.45852014422416687,0.4508768916130066,0.45425620675086975,0.46568650007247925,0.5123367309570312,0.5115287899971008,0.4874728322029114,0.47456908226013184,0.5394309759140015,0.5663134455680847,0.5838810801506042,0.6039828062057495,0.5536734461784363,0.5944626331329346,0.620574414730072,0.6444408297538757,0.5579423308372498,0.5987839102745056,0.626599133014679,0.6507397890090942,0.6222030520439148,0.5660519599914551,0.5006105899810791,0.44094374775886536,0.39833518862724304,0.5171443223953247,0.4293198883533478,0.4173029959201813,0.42988622188568115,0.5211221575737,0.4331645965576172,0.38486796617507935,0.3523702323436737,0.5256308317184448,0.46623197197914124,0.4354606866836548,0.4136146605014801,0.5286701917648315,0.4909927546977997,0.47634267807006836,0.46578270196914673,1.461188077200859e-07,-0.021799180656671524,-0.03515021130442619,-0.044061433523893356,-0.050261471420526505,-0.0416405163705349,-0.05821361765265465,-0.06534368544816971,-0.06738173216581345,-0.03657573461532593,-0.058758269995450974,-0.06901436299085617,-0.07503803074359894,-0.03168020397424698,-0.053542159497737885,-0.06399673223495483,-0.06790053844451904,-0.026629973202943802,-0.04151654615998268,-0.04551950842142105,-0.04657037928700447
0.48219189047813416,0.4578317701816559,0.4504352807998657,0.4536046087741852,0.4637013375759125,0.5114529728889465,0.5096786022186279,0.4856067895889282,0.4729157090187073,0.5387399196624756,0.5649737119674683,0.582379937171936,0.6026216745376587,0.5531274080276489,0.5940915942192078,0.6200358271598816,0.6437140107154846,0.5572555661201477,0.5981680154800415,0.6257807016372681,0.6495265960693359,0.6221574544906616,0.565940260887146,0.5010018348693848,0.441366046667099,0.397422194480896,0.5163376927375793,0.42917659878730774,0.4177801012992859,0.4311556816101074,0.5199272632598877,0.43213292956352234,0.38427117466926575,0.35215553641319275,0.5245754718780518,0.4656728506088257,0.4350360631942749,0.41317617893218994,0.5281258821487427,0.49078842997550964,0.4762330949306488,0.4656427800655365,1.4531127590089454e-07,-0.0213376022875309,-0.03450819477438927,-0.04320675879716873,-0.04913484305143356,-0.04148488864302635,-0.057541653513908386,-0.06397418677806854,-0.06554318964481354,-0.036455679684877396,-0.058705851435661316,-0.06857719272375107,-0.07422833144664764,-0.03146982192993164,-0.05344459414482117,-0.06351271271705627,-0.06704974919557571,-0.026234492659568787,-0.04099215567111969,-0.04462965950369835,-0.04539302736520767
0.48114141821861267,0.4565216600894928,0.4492272436618805,0.45254063606262207,0.46352648735046387,0.5110476613044739,0.5091309547424316,0.485312819480896,0.47250598669052124,0.5381210446357727,0.564410924911499,0.5818014740943909,0.6018528938293457,0.5523119568824768,0.5934438109397888,0.6194225549697876,0.6430075168609619,0.5561016798019409,0.5971460938453674,0.6247333288192749,0.6484017372131348,0.6203879117965698,0.5650680661201477,0.5003225803375244,0.44091370701789856,0.39811259508132935,0.5160324573516846,0.4299723505973816,0.418169766664505,0.4309622645378113,0.5195826888084412,0.4320506453514099,0.3846263587474823,0.3527407646179199,0.5242666006088257,0.4651806652545929,0.4350008964538574,0.4134358763694763,0.5279026627540588,0.4908398389816284,0.4764655530452728,0.46631911396980286,1.4021046013112937e-07,-0.021657373756170273,-0.035013340413570404,-0.04391562193632126,-0.050203416496515274,-0.04121687635779381,-0.0573234036564827,-0.06428983062505722,-0.06618508696556091,-0.03603449463844299,-0.05645686388015747,-0.06549128890037537,-0.0708685964345932,-0.031092684715986252,-0.05168015882372856,-0.06128823012113571,-0.06488627195358276,-0.02602999471127987,-0.0400557667016983,-0.0433395691215992,-0.04403030499815941
0.4808398485183716,0.45579198002815247,0.4484795033931732,0.4526757001876831,0.46480220556259155,0.5095354914665222,0.5084737539291382,0.4851657450199127,0.4725072681903839,0.5371564626693726,0.564421534538269,0.5816880464553833,0.6012080311775208,0.5519257187843323,0.593413770198822,0.6192231774330139,0.6425796747207642,0.556249737739563,0.5973982810974121,0.6247779130935669,0.6481747031211853,0.6216616630554199,0.5657730102539062,0.5006828904151917,0.44104331731796265,0.3983229994773865,0.5177046656608582,0.4308028519153595,0.4180067479610443,0.4302835464477539,0.5214472413063049,0.43341732025146484,0.3854621648788452,0.35356470942497253,0.5259190797805786,0.46598702669143677,0.4348752498626709,0.4126056432723999,0.5292400121688843,0.49109405279159546,0.4761689305305481,0.4654739499092102,1.3892601202769583e-07,-0.021954094991087914,-0.03524065762758255,-0.04382401332259178,-0.04967089742422104,-0.04243520647287369,-0.058534059673547745,-0.06487928330898285,-0.06634044647216797,-0.037139225751161575,-0.05908917635679245,-0.06851905584335327,-0.0737982913851738,-0.031932584941387177,-0.05382382869720459,-0.06368610262870789,-0.0670287236571312,-0.02650780789554119,-0.04117337241768837,-0.04457741230726242,-0.04513901099562645
0.4798693060874939,0.45535627007484436,0.4482742249965668,0.4522894620895386,0.4639163613319397,0.5097443461418152,0.5080605149269104,0.4846678078174591,0.4719783663749695,0.5368790030479431,0.5639394521713257,0.5813982486724854,0.6011859178543091,0.5512827634811401,0.5927688479423523,0.6187804937362671,0.6422573924064636,0.5552127957344055,0.5966063737869263,0.6242120265960693,0.6477789282798767,0.6221911907196045,0.5657716989517212,0.5004966259002686,0.44116678833961487,0.3988493084907532,0.5177146792411804,0.4316565692424774,0.4189807176589966,0.4309043288230896,0.5214417576789856,0.43329545855522156,0.38524359464645386,0.353293776512146,0.5259295701980591,0.4659152328968048,0.43537816405296326,0.41386666893959045,0.5293390154838562,0.4911155104637146,0.47632795572280884,0.46603965759277344,1.4227931899313262e-07,-0.02125225029885769,-0.03448367863893509,-0.04319601133465767,-0.049265895038843155,-0.04172521457076073,-0.057970620691776276,-0.0648321807384491,-0.06659255921840668,-0.03671102970838547,-0.058331914246082306,-0.06783688813447952,-0.07322368025779724,-0.03173748403787613,-0.0531480610370636,-0.06284238398075104,-0.06613120436668396,-0.02653154544532299,-0.040631700307130814,-0.04371882602572441,-0.04410731419920921
0.47956836223602295,0.45473653078079224,0.4478847086429596,0.45206475257873535,0.4635070264339447,0.5101661086082458,0.508514940738678,0.48517847061157227,0.47241902351379395,0.5370186567306519,0.5641180276870728,0.581298828125,0.6008869409561157,0.5511395335197449,0.5924317836761475,0.6182703971862793,0.6416937708854675,0.5549693703651428,0.5961323380470276,0.6236716508865356,0.6473484039306641,0.6233383417129517,0.5671069025993347,0.5015660524368286,0.44184431433677673,0.39925748109817505,0.5179926753044128,0.4316881000995636,0.4189832806587219,0.43091273307800293,0.5219441056251526,0.43444907665252686,0.3868241012096405,0.3550652265548706,0.5264556407928467,0.46658197045326233,0.4359355568885803,0.41414618492126465,0.5299775004386902,0.4917183816432953,0.4768889248371124,0.466324120759964,1.3758274519659608e-07,-0.022254858165979385,-0.03563603386282921,-0.044342733919620514,-0.050361957401037216,-0.04190605506300926,-0.05784981697797775,-0.06452394276857376,-0.06621959805488586,-0.03645367920398712,-0.05729304999113083,-0.06649921089410782,-0.0718931257724762,-0.031238825991749763,-0.052252914756536484,-0.06223779544234276,-0.06596729904413223,-0.02590847574174404,-0.0402274951338768,-0.043832726776599884,-0.04468798637390137
0.4788867235183716,0.4545062184333801,0.4477888345718384,0.4517005681991577,0.46316370368003845,0.5095959901809692,0.5080679655075073,0.4847245514392853,0.4719422459602356,0.5362533926963806,0.5635372400283813,0.5808213949203491,0.6004997491836548,0.5503466129302979,0.5916358232498169,0.6174812316894531,0.6408975124359131,0.5541369318962097,0.5954204201698303,0.6230174899101257,0.6467387080192566,0.6253644227981567,0.5687105655670166,0.5028954148292542,0.4426693022251129,0.3999673128128052,0.518559455871582,0.4321866035461426,0.41933757066726685,0.4316118657588959,0.5225954651832581,0.43525224924087524,0.38728076219558716,0.35500967502593994,0.5271708965301514,0.4670902192592621,0.43634191155433655,0.41434064507484436,0.5308411717414856,0.49224773049354553,0.4769282341003418,0.46577078104019165,1.3995511949360662e-07,-0.02168344333767891,-0.03496299311518669,-0.04369284585118294,-0.049668751657009125,-0.041241299360990524,-0.05744101479649544,-0.0641813650727272,-0.0658118724822998,-0.03604765236377716,-0.05749063193798065,-0.06681515276432037,-0.07206185907125473,-0.031059421598911285,-0.05222519859671593,-0.06177649274468422,-0.0650118887424469,-0.02593364007771015,-0.03985465690493584,-0.042953167110681534,-0.04335373267531395
0.4784984886646271,0.45354899764060974,0.4467949867248535,0.4510399401187897,0.4623714089393616,0.5082194209098816,0.5080405473709106,0.4846385717391968,0.47197437286376953,0.5354264974594116,0.5625883936882019,0.5802100300788879,0.6003117561340332,0.5497350692749023,0.5911062955856323,0.6169880628585815,0.6403300166130066,0.5536022186279297,0.5949025750160217,0.6222658157348633,0.6457531452178955,0.6254348754882812,0.5674760937690735,0.5018472671508789,0.4425254464149475,0.40052440762519836,0.518130898475647,0.4320650100708008,0.42071855068206787,0.4338034689426422,0.5223878026008606,0.435734361410141,0.38842374086380005,0.3566816449165344,0.5270317196846008,0.4674629867076874,0.43678322434425354,0.41513314843177795,0.5304708480834961,0.4922424256801605,0.4771072566509247,0.46649083495140076,1.3850443281171465e-07,-0.02056286297738552,-0.032930146902799606,-0.04107128828763962,-0.046518538147211075,-0.03849237784743309,-0.05380593240261078,-0.0605454184114933,-0.06231250986456871,-0.03349168971180916,-0.05375370383262634,-0.0630837231874466,-0.0685955137014389,-0.028734849765896797,-0.04904495179653168,-0.058909740298986435,-0.06255169212818146,-0.02378431148827076,-0.03712857887148857,-0.04032200947403908,-0.04094143956899643
0.4781559407711029,0.4529755711555481,0.44618237018585205,0.4504806101322174,0.46224433183670044,0.5071103572845459,0.5067212581634521,0.4833800494670868,0.4709652066230774,0.5342874526977539,0.5616894364356995,0.5793040990829468,0.5993000864982605,0.5487135648727417,0.5905429124832153,0.6164271831512451,0.6398197412490845,0.5528265237808228,0.5943490266799927,0.621799886226654,0.6454237103462219,0.6266062259674072,0.5684456825256348,0.5022538304328918,0.4427482485771179,0.4007050395011902,0.518223226070404,0.43267524242401123,0.42115169763565063,0.4339061379432678,0.5223188996315002,0.43607884645462036,0.388543963432312,0.3567374050617218,0.5269927382469177,0.467928409576416,0.43696799874305725,0.41490471363067627,0.5307413339614868,0.49301308393478394,0.4779515266418457,0.4671593904495239,1.447495066031479e-07,-0.020460892468690872,-0.03271741047501564,-0.040694139897823334,-0.045951057225465775,-0.03889976441860199,-0.054428309202194214,-0.06115729361772537,-0.06296074390411377,-0.03407531604170799,-0.055277589708566666,-0.06502280384302139,-0.07068425416946411,-0.02942487597465515,-0.05049722641706467,-0.06062694266438484,-0.06431169807910919,-0.024534763768315315,-0.03846858814358711,-0.04196900129318237,-0.042737141251564026
0.47828468680381775,0.4525611996650696,0.445333868265152,0.45035475492477417,0.4621428847312927,0.5065724849700928,0.5061845779418945,0.4831770360469818,0.4711049795150757,0.5336900353431702,0.5606977343559265,0.5782819390296936,0.598239541053772,0.5481752157211304,0.589000403881073,0.6146499514579773,0.6378328204154968,0.5526691675186157,0.593381404876709,0.6205189228057861,0.6438947319984436,0.6264841556549072,0.5690879821777344,0.5028828382492065,0.44314339756965637,0.4006592631340027,0.5203236937522888,0.43397918343544006,0.42203381657600403,0.4338741600513458,0.5238105654716492,0.43684524297714233,0.38907334208488464,0.35736942291259766,0.5278945565223694,0.4683257043361664,0.4368928372859955,0.4150353670120239,0.5310494303703308,0.493068128824234,0.47795143723487854,0.46731457114219666,1.4993189267897833e-07,-0.021616162732243538,-0.03435087949037552,-0.04253111034631729,-0.048005808144807816,-0.04074157029390335,-0.05659705027937889,-0.06357220560312271,-0.06559116393327713,-0.0353267565369606,-0.056393738836050034,-0.06621891260147095,-0.07218683511018753,-0.030132194980978966,-0.05108062922954559,-0.061564672738313675,-0.06574524939060211,-0.024814294651150703,-0.03919767960906029,-0.04339611157774925,-0.044778477400541306
0.4770447909832001,0.45174136757850647,0.4445931911468506,0.44943559169769287,0.4614776372909546,0.5055617690086365,0.5052790641784668,0.48172155022621155,0.4693066477775574,0.5327996015548706,0.5599894523620605,0.5772767663002014,0.5970056056976318,0.5472560524940491,0.5875093340873718,0.6130955219268799,0.6363681554794312,0.5515380501747131,0.5920257568359375,0.6193689107894897,0.6428152322769165,0.6270745992660522,0.5701356530189514,0.5040594935417175,0.4438130259513855,0.4009789824485779,0.5207148194313049,0.43455109000205994,0.4218294322490692,0.4334389865398407,0.5244054794311523,0.43690818548202515,0.38820627331733704,0.3562083840370178,0.5284878015518188,0.4683193862438202,0.43622568249702454,0.41402193903923035,0.531504213809967,0.4931092858314514,0.47815030813217163,0.4676702320575714,1.5657028029636422e-07,-0.021825367584824562,-0.03475910797715187,-0.04291941225528717,-0.04829595610499382,-0.041922811418771744,-0.05836803466081619,-0.06536802649497986,-0.06730934977531433,-0.03640729561448097,-0.05919723957777023,-0.06981399655342102,-0.07596808671951294,-0.03092821128666401,-0.05313131585717201,-0.06392309814691544,-0.06793151050806046,-0.025237301364541054,-0.040343549102544785,-0.04473324865102768,-0.045991040766239166
0.4752354919910431,0.450192391872406,0.4433538019657135,0.44825467467308044,0.46057167649269104,0.5047022700309753,0.5039089322090149,0.4803456664085388,0.46787774562835693,0.5313360691070557,0.558837354183197,0.5761920809745789,0.5958583354949951,0.5457099080085754,0.5861423015594482,0.611964225769043,0.6354564428329468,0.5502395629882812,0.5907076001167297,0.618078887462616,0.6414468884468079,0.6295351386070251,0.5722601413726807,0.5053791403770447,0.44483399391174316,0.4019581973552704,0.5214483737945557,0.4350358247756958,0.42268121242523193,0.4348018765449524,0.5252893567085266,0.4382210969924927,0.3898601830005646,0.357980877161026,0.5293810367584229,0.46950891613960266,0.437461256980896,0.41522032022476196,0.5328578352928162,0.49424096941947937,0.47898247838020325,0.4686248004436493,1.4794819946928328e-07,-0.02125919796526432,-0.03364747017621994,-0.04145814850926399,-0.04642648622393608,-0.04006781056523323,-0.05601145699620247,-0.06264515221118927,-0.06426108628511429,-0.03481907770037651,-0.05682416632771492,-0.06660978496074677,-0.07203613966703415,-0.029781043529510498,-0.05138276889920235,-0.06157301366329193,-0.06508127599954605,-0.024571454152464867,-0.038995616137981415,-0.04279368370771408,-0.043588705360889435
0.47420698404312134,0.44902676343917847,0.4420638978481293,0.44682204723358154,0.45936182141304016,0.5035194754600525,0.5028769969940186,0.47937431931495667,0.46705541014671326,0.5301880836486816,0.5575271248817444,0.5746226906776428,0.5939360857009888,0.5446515679359436,0.5848754644393921,0.6107125878334045,0.633877158164978,0.5494145750999451,0.5899821519851685,0.6174744367599487,0.6406514644622803,0.6296647787094116,0.5731106400489807,0.5059729814529419,0.44528502225875854,0.40232354402542114,0.5209213495254517,0.4363894462585449,0.4235921800136566,0.4350653886795044,0.5243262052536011,0.43908965587615967,0.3915989398956299,0.36038675904273987,0.5283374190330505,0.46927571296691895,0.43799036741256714,0.4164830148220062,0.5319799780845642,0.4939285218715668,0.479308545589447,0.46950674057006836,1.4165240713737148e-07,-0.021073492243885994,-0.03327835723757744,-0.041102856397628784,-0.046206533908843994,-0.038622595369815826,-0.0542784109711647,-0.061325475573539734,-0.06346117705106735,-0.03354017436504364,-0.05458073318004608,-0.06446682661771774,-0.0703570619225502,-0.028810089454054832,-0.05003884434700012,-0.06070199981331825,-0.06481948494911194,-0.023925093933939934,-0.03860853612422943,-0.04300324246287346,-0.044397976249456406
0.4725462794303894,0.4471935033798218,0.4400775134563446,0.4454497694969177,0.4583134949207306,0.5019864439964294,0.502005398273468,0.47879207134246826,0.4665951132774353,0.5287106037139893,0.5563492774963379,0.573025643825531,0.5920026898384094,0.5430315732955933,0.583603024482727,0.6091061234474182,0.6321703791618347,0.5476139187812805,0.5882037281990051,0.6154317855834961,0.6386387944221497,0.629446268081665,0.5726650953292847,0.5060355067253113,0.44570451974868774,0.40295296907424927,0.5228177905082703,0.43777626752853394,0.4250841736793518,0.436519056558609,0.5260055661201477,0.4408356249332428,0.3932352066040039,0.36183661222457886,0.5295711755752563,0.4706053137779236,0.4385870099067688,0.41666024923324585,0.5325393676757812,0.4943506717681885,0.47925305366516113,0.4692481458187103,1.4522106539516244e-07,-0.02133212424814701,-0.03377939388155937,-0.04176393151283264,-0.04697698727250099,-0.039446599781513214,-0.0548345111310482,-0.06145596131682396,-0.06336319446563721,-0.03418214991688728,-0.055262260138988495,-0.0649583488702774,-0.07075372338294983,-0.029185213148593903,-0.05029718205332756,-0.060637351125478745,-0.06460932642221451,-0.024056266993284225,-0.03858248144388199,-0.042834632098674774,-0.044198375195264816
0.4708321690559387,0.4457489550113678,0.4388909935951233,0.44434022903442383,0.45851629972457886,0.5008974075317383,0.5002297163009644,0.47714829444885254,0.46518436074256897,0.5269782543182373,0.5551103353500366,0.5713240504264832,0.5897034406661987,0.5412312150001526,0.5818689465522766,0.6067121624946594,0.6293758153915405,0.5456269979476929,0.5862902402877808,0.6138419508934021,0.6373801827430725,0.6294124722480774,0.5736925005912781,0.5067030191421509,0.4458107054233551,0.40438026189804077,0.5240522027015686,0.4397226572036743,0.42608916759490967,0.4374196231365204,0.526685357093811,0.4422553777694702,0.39453503489494324,0.3632824122905731,0.5296195149421692,0.47071659564971924,0.43842801451683044,0.4163171648979187,0.5325127243995667,0.4945281744003296,0.47940975427627563,0.4692416489124298,1.4120873004230816e-07,-0.022061137482523918,-0.0347299687564373,-0.04274919629096985,-0.04793766513466835,-0.04007945582270622,-0.05589248612523079,-0.06250452995300293,-0.06426872313022614,-0.03463820368051529,-0.05578925460577011,-0.06514615565538406,-0.07057441771030426,-0.02960476092994213,-0.0507487952709198,-0.060871779918670654,-0.06465473771095276,-0.02453327551484108,-0.039052970707416534,-0.04330926761031151,-0.04461551830172539
0.46844083070755005,0.4437862038612366,0.4374414086341858,0.44323569536209106,0.45758774876594543,0.4992663860321045,0.4988364279270172,0.4755038321018219,0.4631054103374481,0.5255253911018372,0.5539053678512573,0.569005012512207,0.5859096050262451,0.5398571491241455,0.5806560516357422,0.6046404838562012,0.6264330148696899,0.5439672470092773,0.5848104953765869,0.6122853755950928,0.6357564926147461,0.6290267109870911,0.5744993090629578,0.5082368850708008,0.44772666692733765,0.4055052697658539,0.5271011590957642,0.44117459654808044,0.42714112997055054,0.4390605688095093,0.5297476649284363,0.44440028071403503,0.39572516083717346,0.3637269139289856,0.5319536924362183,0.47155770659446716,0.4377126097679138,0.41396111249923706,0.533371090888977,0.49487459659576416,0.47926369309425354,0.4688516855239868,1.316889353120132e-07,-0.022771621122956276,-0.03595910221338272,-0.04430698975920677,-0.049903854727745056,-0.042293108999729156,-0.05845635384321213,-0.0648234561085701,-0.06619682163000107,-0.03657834231853485,-0.057623881846666336,-0.06653594970703125,-0.07157918810844421,-0.03125090152025223,-0.052417777478694916,-0.0625494047999382,-0.06636153161525726,-0.025876913219690323,-0.040371283888816833,-0.04459535703063011,-0.0458698645234108
0.4671144485473633,0.4432950019836426,0.43692848086357117,0.4419529438018799,0.4558842182159424,0.49697253108024597,0.4982007145881653,0.47517964243888855,0.4617559313774109,0.5233868956565857,0.5518855452537537,0.5653852224349976,0.5798345804214478,0.5375148057937622,0.5776019096374512,0.6008465886116028,0.6215117573738098,0.5412012338638306,0.5817228555679321,0.6080901026725769,0.6303761005401611,0.6312941312789917,0.5768241882324219,0.5107580423355103,0.45038527250289917,0.40860262513160706,0.5302456617355347,0.44339364767074585,0.4284823536872864,0.43860507011413574,0.5335394144058228,0.4485677480697632,0.39923781156539917,0.3654380738735199,0.5357437133789062,0.47491535544395447,0.4390771687030792,0.4125826060771942,0.5362341403961182,0.49731746315956116,0.47972577810287476,0.4673847556114197,1.0141212669623201e-07,-0.0225956030189991,-0.035706840455532074,-0.044035300612449646,-0.049764737486839294,-0.04215788096189499,-0.05840034782886505,-0.06497623771429062,-0.06645264476537704,-0.0364970862865448,-0.05691508203744888,-0.06579262763261795,-0.07092110812664032,-0.031241178512573242,-0.05186346545815468,-0.06212325021624565,-0.06613145023584366,-0.02589060552418232,-0.039433062076568604,-0.043291643261909485,-0.04451454430818558
0.4654247760772705,0.4406377673149109,0.4335840940475464,0.4395620822906494,0.4541177749633789,0.49300435185432434,0.49587565660476685,0.4741549491882324,0.46039238572120667,0.5212492346763611,0.5488981008529663,0.5592550039291382,0.5694178342819214,0.5366448163986206,0.5757761001586914,0.5961437821388245,0.6134188771247864,0.5407182574272156,0.5799840092658997,0.6048025488853455,0.6254132390022278,0.6296212077140808,0.575505793094635,0.5111657977104187,0.4518733620643616,0.4107518196105957,0.5335143208503723,0.44683775305747986,0.43122804164886475,0.44092103838920593,0.5367419123649597,0.4500603675842285,0.39850902557373047,0.3636206090450287,0.5382887721061707,0.47426003217697144,0.43593722581863403,0.4082568883895874,0.5371826887130737,0.49713677167892456,0.4779163897037506,0.4647620916366577,7.668137413929799e-08,-0.02226182073354721,-0.035045456141233444,-0.04307522252202034,-0.048527300357818604,-0.04179668053984642,-0.057090479880571365,-0.06234455853700638,-0.06293691694736481,-0.0362924225628376,-0.055064987391233444,-0.06260456889867783,-0.06699357181787491,-0.031207507476210594,-0.05047982931137085,-0.05974923074245453,-0.06339560449123383,-0.02609505131840706,-0.03896348178386688,-0.04265211150050163,-0.04390019550919533
0.4636958837509155,0.4358363151550293,0.4280664324760437,0.4349989891052246,0.4499310255050659,0.48748961091041565,0.49261534214019775,0.47204774618148804,0.4575651288032532,0.516455352306366,0.5432125926017761,0.5481916666030884,0.5509434342384338,0.5327107310295105,0.5663943290710449,0.578723669052124,0.5869094133377075,0.5373436808586121,0.5735046863555908,0.5952836871147156,0.6125372052192688,0.6348816752433777,0.579076886177063,0.5142053961753845,0.45600202679634094,0.41481924057006836,0.5366079211235046,0.449686199426651,0.43466246128082275,0.4448319971561432,0.5414376258850098,0.45504045486450195,0.4004901647567749,0.36347049474716187,0.5417981147766113,0.4731818437576294,0.4293002784252167,0.397731214761734,0.538330614566803,0.49466219544410706,0.4698188602924347,0.451910138130188,3.4123246450690203e-08,-0.023450631648302078,-0.03633187338709831,-0.04419676586985588,-0.049027007073163986,-0.041534487158060074,-0.05654934048652649,-0.06089583411812782,-0.0604642890393734,-0.03468715772032738,-0.05370485782623291,-0.06113961711525917,-0.06473246961832047,-0.028294621035456657,-0.04609519988298416,-0.054069261997938156,-0.05662649869918823,-0.022216934710741043,-0.033321280032396317,-0.03663236275315285,-0.037456393241882324
0.46162843704223633,0.4310704171657562,0.42191246151924133,0.42706623673439026,0.43958717584609985,0.4821375012397766,0.4822654724121094,0.46278366446495056,0.4481547772884369,0.5129551291465759,0.5307778716087341,0.5253016352653503,0.5149858593940735,0.5312583446502686,0.5541722774505615,0.5556786060333252,0.5524051189422607,0.5372610092163086,0.566305935382843,0.5817281007766724,0.5922828912734985,0.6298378109931946,0.5774323344230652,0.5158511400222778,0.45976823568344116,0.41857820749282837,0.5399693846702576,0.45391345024108887,0.43959158658981323,0.4497308135032654,0.5418775081634521,0.4572145640850067,0.40457019209861755,0.37176448106765747,0.5396052598953247,0.4655930995941162,0.4155978262424469,0.3803381025791168,0.532839298248291,0.4820568561553955,0.4498536288738251,0.4244277775287628,-8.984648758314506e-08,-0.023788724094629288,-0.03622362017631531,-0.043719012290239334,-0.04838031157851219,-0.042487021535634995,-0.05586917698383331,-0.05836600065231323,-0.05704272910952568,-0.03556639701128006,-0.052037712186574936,-0.05809333175420761,-0.0611758753657341,-0.029155394062399864,-0.0448404885828495,-0.05309343710541725,-0.05682719126343727,-0.023232392966747284,-0.03552212193608284,-0.04153233394026756,-0.0446363165974617
0.4562785029411316,0.42614758014678955,0.41515180468559265,0.4182347059249878,0.4290631115436554,0.4723000228404999,0.47486791014671326,0.4512217938899994,0.4345431625843048,0.5025748014450073,0.5195887088775635,0.5014516115188599,0.48133471608161926,0.5208706855773926,0.5420506000518799,0.5290510058403015,0.5122328996658325,0.528114378452301,0.5525611639022827,0.5537610650062561,0.5473308563232422,0.6215178370475769,0.5790408253669739,0.5179561972618103,0.4627285301685333,0.4228019118309021,0.5440285801887512,0.4580763578414917,0.4385163486003876,0.4499184191226959,0.5423464775085449,0.451803982257843,0.4042198657989502,0.3877530097961426,0.53621906042099,0.45737791061401367,0.4117058217525482,0.38963958621025085,0.5282015204429626,0.469784140586853,0.4318580627441406,0.4076182246208191,-2.3306280638735188e-07,-0.025042230263352394,-0.03847568854689598,-0.04660429432988167,-0.05114211514592171,-0.048355624079704285,-0.06379226595163345,-0.06589850783348083,-0.0639994889497757,-0.04064000025391579,-0.0591612346470356,-0.06101979687809944,-0.059275709092617035,-0.033375438302755356,-0.04848182573914528,-0.05035638436675072,-0.04818097874522209,-0.027178017422556877,-0.03892423212528229,-0.042267847806215286,-0.042192380875349045
0.4580470323562622,0.42066478729248047,0.4040527641773224,0.4052988290786743,0.4127749800682068,0.4606771767139435,0.4598488509654999,0.4342648684978485,0.4195419251918793,0.4963206350803375,0.5057581663131714,0.47685331106185913,0.45429110527038574,0.5182157754898071,0.5248916149139404,0.49829041957855225,0.47808513045310974,0.5277329683303833,0.5321121215820312,0.5118480920791626,0.4932575821876526,0.6095114350318909,0.5780709981918335,0.5202513337135315,0.46496254205703735,0.4245319068431854,0.5519890785217285,0.46361204981803894,0.44427210092544556,0.45360878109931946,0.5412382483482361,0.4456543028354645,0.4106369614601135,0.40996769070625305,0.5264888405799866,0.4429471492767334,0.41119223833084106,0.4069090783596039,0.5112407207489014,0.4474705457687378,0.4216020405292511,0.4168078303337097,-3.0723796839993156e-07,-0.03138408064842224,-0.047280266880989075,-0.05539076775312424,-0.05994819477200508,-0.06671734899282455,-0.08214829117059708,-0.08122731745243073,-0.07807952910661697,-0.05565669387578964,-0.07499752938747406,-0.07412520051002502,-0.07094729691743851,-0.044109195470809937,-0.05982067435979843,-0.05979922413825989,-0.057473789900541306,-0.03381650149822235,-0.046120937913656235,-0.04812973737716675,-0.04776653274893761
0.44958409667015076,0.41078895330429077,0.39029189944267273,0.39000827074050903,0.3987979292869568,0.44196516275405884,0.44182977080345154,0.4203353822231293,0.4081921875476837,0.47891759872436523,0.4768587648868561,0.4493115246295929,0.4334403872489929,0.5035614967346191,0.4966365694999695,0.46988844871520996,0.4541633427143097,0.5168946981430054,0.5113345980644226,0.48952850699424744,0.4735915958881378,0.6195622682571411,0.5859895348548889,0.5246866345405579,0.47046756744384766,0.43095868825912476,0.5551928281784058,0.4678206145763397,0.45131996273994446,0.460959255695343,0.5488396286964417,0.44839227199554443,0.42881858348846436,0.44129428267478943,0.5368343591690063,0.44599831104278564,0.4269956946372986,0.43503186106681824,0.523652970790863,0.45699799060821533,0.43868139386177063,0.44147732853889465,-3.7378384831754374e-07,-0.030471257865428925,-0.04861826077103615,-0.05809808894991875,-0.06411080062389374,-0.07675326615571976,-0.09154199063777924,-0.08628644049167633,-0.08018941432237625,-0.06602161377668381,-0.08345410227775574,-0.07642264664173126,-0.06972379982471466,-0.05424309894442558,-0.06840835511684418,-0.06244628503918648,-0.057078681886196136,-0.04363184794783592,-0.056607685983181,-0.05705122649669647,-0.05580856278538704
0.4403758645057678,0.3963371217250824,0.3727993369102478,0.3695956766605377,0.3787360191345215,0.42412900924682617,0.42074936628341675,0.4047512114048004,0.3999674916267395,0.45944514870643616,0.44626322388648987,0.42795127630233765,0.42458128929138184,0.4847889542579651,0.4682547450065613,0.45198866724967957,0.4499983787536621,0.5011532306671143,0.48642224073410034,0.47349098324775696,0.47143566608428955,0.6207990646362305,0.5882300734519958,0.5283693671226501,0.4720628559589386,0.43210312724113464,0.5569401383399963,0.45745450258255005,0.46624061465263367,0.4955676198005676,0.5492590069770813,0.44720566272735596,0.45831534266471863,0.48918867111206055,0.5354673862457275,0.4442059397697449,0.45514145493507385,0.4820869565010071,0.5171592831611633,0.4509822130203247,0.4581110179424286,0.4799814224243164,-3.7200518931967963e-07,-0.026042355224490166,-0.04103858023881912,-0.04950938746333122,-0.05462276563048363,-0.059611473232507706,-0.07436016947031021,-0.07360193878412247,-0.07054121792316437,-0.050122976303100586,-0.0654701367020607,-0.06182335689663887,-0.057810913771390915,-0.040322303771972656,-0.05137888714671135,-0.04552626609802246,-0.04077129065990448,-0.031833767890930176,-0.04354625940322876,-0.04363952949643135,-0.042087070643901825
0.4256114959716797,0.38395214080810547,0.35747432708740234,0.350941926240921,0.35835790634155273,0.4029619097709656,0.39013129472732544,0.38446083664894104,0.38686513900756836,0.43691593408584595,0.4182550609111786,0.4114547371864319,0.41278544068336487,0.4636671245098114,0.4440430998802185,0.43814817070961,0.4405738115310669,0.48221394419670105,0.4666963219642639,0.4613097906112671,0.46336421370506287,0.6228957176208496,0.5939174294471741,0.536956250667572,0.48046568036079407,0.43968719244003296,0.5559669137001038,0.45864227414131165,0.4805777668952942,0.5120455622673035,0.5485856533050537,0.45047420263290405,0.4694105088710785,0.5013976693153381,0.5359644293785095,0.45015615224838257,0.46709126234054565,0.4942546486854553,0.5191697478294373,0.4551006257534027,0.46788957715034485,0.490790456533432,-3.437820339513564e-07,-0.022452525794506073,-0.03723524138331413,-0.046053625643253326,-0.05146197974681854,-0.05741593986749649,-0.07167503237724304,-0.0704207569360733,-0.0667157918214798,-0.04970148950815201,-0.06425050646066666,-0.06117108091711998,-0.057634513825178146,-0.04114624857902527,-0.051209840923547745,-0.04537434130907059,-0.04078839346766472,-0.033548593521118164,-0.04425425827503204,-0.043584246188402176,-0.04157233610749245
0.41386520862579346,0.3690563440322876,0.33901283144950867,0.3297731876373291,0.3344454765319824,0.3898998200893402,0.3651842474937439,0.36275479197502136,0.3694670796394348,0.4216323792934418,0.3919561505317688,0.38834425806999207,0.39467883110046387,0.44607460498809814,0.4178929030895233,0.41398271918296814,0.42060112953186035,0.4629153311252594,0.44111597537994385,0.4370727241039276,0.44226083159446716,0.6151343584060669,0.5904504060745239,0.5410000085830688,0.4886211156845093,0.4472125768661499,0.5526284575462341,0.46375226974487305,0.487628698348999,0.5191715955734253,0.5421189069747925,0.4530085027217865,0.4734219014644623,0.5052065253257751,0.5277326107025146,0.44975045323371887,0.46787750720977783,0.4940875470638275,0.5110210180282593,0.4523391127586365,0.46848544478416443,0.4926108419895172,-3.2318715170731593e-07,-0.02036113664507866,-0.03478698804974556,-0.04441998153924942,-0.050741344690322876,-0.05008048191666603,-0.06601716578006744,-0.0682123526930809,-0.06648054718971252,-0.0443771630525589,-0.06055901572108269,-0.06007276847958565,-0.057671308517456055,-0.038183532655239105,-0.04913623631000519,-0.04388321563601494,-0.03909957408905029,-0.03304736688733101,-0.04356749355792999,-0.042164381593465805,-0.03929026052355766
0.3978310823440552,0.3514038622379303,0.3189479410648346,0.3096751570701599,0.3150254487991333,0.37038615345954895,0.3413524925708771,0.34182602167129517,0.3510666489601135,0.3991905748844147,0.3669816553592682,0.3651058077812195,0.3738822638988495,0.4222392439842224,0.3931799530982971,0.39026179909706116,0.39845651388168335,0.4395277500152588,0.4180110692977905,0.41400039196014404,0.4200505018234253,0.6209818124771118,0.5955445766448975,0.5480499267578125,0.49741390347480774,0.4575228691101074,0.5492621660232544,0.47046980261802673,0.4936012029647827,0.5215483903884888,0.5406278967857361,0.4601428508758545,0.47958195209503174,0.507609486579895,0.5295132398605347,0.4568599462509155,0.4754570722579956,0.5004502534866333,0.5183566808700562,0.46112769842147827,0.47825655341148376,0.5021107792854309,-3.1731408967061725e-07,-0.01730065606534481,-0.03103143721818924,-0.04092404991388321,-0.04760409891605377,-0.04354340583086014,-0.059812236577272415,-0.06345675140619278,-0.06269539147615433,-0.03960944339632988,-0.05508871749043465,-0.055059485137462616,-0.05328552424907684,-0.035353582352399826,-0.0462588369846344,-0.040660325437784195,-0.03561922907829285,-0.03205448016524315,-0.04171188920736313,-0.03937993571162224,-0.03590448200702667
0.38719442486763,0.33948206901550293,0.30111369490623474,0.28809136152267456,0.2960553765296936,0.3442312777042389,0.3189767599105835,0.3173348307609558,0.32490551471710205,0.37280863523483276,0.3442886769771576,0.3419077694416046,0.34974074363708496,0.39631104469299316,0.36961257457733154,0.3668175935745239,0.37371301651000977,0.41554754972457886,0.3937106430530548,0.39026957750320435,0.3953113853931427,0.6130614876747131,0.5936844348907471,0.5510994791984558,0.5019322633743286,0.4655929207801819,0.5478501915931702,0.47261446714401245,0.49421074986457825,0.5209481716156006,0.5372549295425415,0.46270880103111267,0.4817923307418823,0.5080822706222534,0.525626003742218,0.45611968636512756,0.47486069798469543,0.49980390071868896,0.5152674913406372,0.45795494318008423,0.47414374351501465,0.49816712737083435,-2.9045827432128135e-07,-0.01403040811419487,-0.025356579571962357,-0.033580146729946136,-0.038443926721811295,-0.03626387566328049,-0.04815167561173439,-0.04811384528875351,-0.04561203718185425,-0.033677030354738235,-0.045584049075841904,-0.043555449694395065,-0.04086204618215561,-0.03079031966626644,-0.04017410799860954,-0.03405718505382538,-0.028652584180235863,-0.028483213856816292,-0.03717564046382904,-0.03435659408569336,-0.030724164098501205
0.36316922307014465,0.3199033737182617,0.2832043170928955,0.2700580060482025,0.2790110409259796,0.32046979665756226,0.2946641743183136,0.2913786470890045,0.29834187030792236,0.34846916794776917,0.31930696964263916,0.3158763647079468,0.3255557417869568,0.37103334069252014,0.34373152256011963,0.34086593985557556,0.3489361107349396,0.38927286863327026,0.3662717640399933,0.36344167590141296,0.3705463707447052,0.6081593036651611,0.5899608731269836,0.5522382259368896,0.5077943205833435,0.47766849398612976,0.5489561557769775,0.4786614775657654,0.5020584464073181,0.5246865749359131,0.5401506423950195,0.4676400125026703,0.4893400967121124,0.514481246471405,0.5291356444358826,0.4628794193267822,0.48265671730041504,0.506651759147644,0.5184320211410522,0.46590620279312134,0.48130133748054504,0.5024458765983582,-2.2125763621261285e-07,-0.0116476621478796,-0.022844690829515457,-0.03144019842147827,-0.036881301552057266,-0.03548787534236908,-0.04701899737119675,-0.04647403582930565,-0.04372398927807808,-0.03420001640915871,-0.04621945694088936,-0.043180301785469055,-0.03906172513961792,-0.03234338387846947,-0.040631622076034546,-0.0329461395740509,-0.026214249432086945,-0.030941205099225044,-0.03724101558327675,-0.032917413860559464,-0.028558719903230667
0.34482163190841675,0.3057183623313904,0.2701619863510132,0.2544497549533844,0.2595389485359192,0.2907407283782959,0.2733948826789856,0.27495577931404114,0.2802276313304901,0.316486120223999,0.29803746938705444,0.29920393228530884,0.30563420057296753,0.3407846987247467,0.32422828674316406,0.3244999945163727,0.3299703896045685,0.36280110478401184,0.34659379720687866,0.34601372480392456,0.35165929794311523,0.6072167158126831,0.5917010307312012,0.5607694387435913,0.5193958282470703,0.48803290724754333,0.544832170009613,0.48161780834198,0.5010857582092285,0.5235201120376587,0.5342827439308167,0.4728291928768158,0.49074727296829224,0.5140582919120789,0.5251527428627014,0.4708877205848694,0.4863506555557251,0.5084307789802551,0.5180875658988953,0.47396478056907654,0.48626509308815,0.505007266998291,-1.9360211922503368e-07,-0.006546471733599901,-0.01487641129642725,-0.021853642538189888,-0.025821181014180183,-0.02378148026764393,-0.03296924754977226,-0.03304123505949974,-0.03096764348447323,-0.0246739499270916,-0.03243507444858551,-0.030215049162507057,-0.02738499827682972,-0.02510092407464981,-0.030622759833931923,-0.024474622681736946,-0.019349804148077965,-0.025632457807660103,-0.030063804239034653,-0.025734690949320793,-0.02138345129787922
0.3331144452095032,0.2941189706325531,0.25665393471717834,0.23866543173789978,0.24416546523571014,0.2748253345489502,0.25705015659332275,0.2614663243293762,0.26697638630867004,0.2996196448802948,0.28107762336730957,0.2839801609516144,0.2906684875488281,0.32253265380859375,0.3058253824710846,0.30729421973228455,0.3125642240047455,0.3433281481266022,0.3275502920150757,0.3272436857223511,0.33214908838272095,0.6077645421028137,0.5942862629890442,0.5655901432037354,0.5276548862457275,0.49807772040367126,0.5475694537162781,0.4859684705734253,0.5044615864753723,0.5259427428245544,0.5348915457725525,0.4775908589363098,0.4937761425971985,0.5159688591957092,0.5246796011924744,0.47569936513900757,0.4898311495780945,0.5111606121063232,0.5173637270927429,0.478068470954895,0.4898720383644104,0.5075221061706543,-1.8983934069183306e-07,-0.00473376689478755,-0.01183810830116272,-0.018223654478788376,-0.021791882812976837,-0.019649198278784752,-0.02824459969997406,-0.029319724068045616,-0.028280016034841537,-0.021494481712579727,-0.02701391465961933,-0.02449609525501728,-0.022096553817391396,-0.02296539582312107,-0.025539249181747437,-0.018684646114706993,-0.013959081843495369,-0.024698473513126373,-0.025639547035098076,-0.01980661042034626,-0.015209192410111427
0.32131361961364746,0.2831065058708191,0.2487204223871231,0.23009945452213287,0.23117147386074066,0.2588426470756531,0.2460431605577469,0.25029975175857544,0.2556924819946289,0.281712144613266,0.2680399715900421,0.2712860703468323,0.27660366892814636,0.30444127321243286,0.2919146716594696,0.29409676790237427,0.29885333776474,0.32578983902931213,0.3126518130302429,0.3134963810443878,0.3183444142341614,0.6043307185173035,0.5929915308952332,0.570068359375,0.5382122993469238,0.5111289620399475,0.5439295768737793,0.4889746904373169,0.503009021282196,0.5235613584518433,0.531278133392334,0.4817866384983063,0.49387499690055847,0.5136908292770386,0.5209177732467651,0.4800494909286499,0.49091029167175293,0.5099258422851562,0.5138057470321655,0.47960853576660156,0.4908331632614136,0.5082168579101562,-1.8121511402569013e-07,-0.0006811893545091152,-0.005232477560639381,-0.010192777030169964,-0.013030338101089,-0.011715964414179325,-0.019181707873940468,-0.021299012005329132,-0.021082328632473946,-0.014813460409641266,-0.018168855458498,-0.016413426026701927,-0.015249071642756462,-0.017531827092170715,-0.01889747567474842,-0.012933663092553616,-0.00932126771658659,-0.020212825387716293,-0.02007923275232315,-0.013958834111690521,-0.009352818131446838
0.31163090467453003,0.27348077297210693,0.24292288720607758,0.23002491891384125,0.23401005566120148,0.245423823595047,0.23961327970027924,0.24668541550636292,0.25067251920700073,0.267669677734375,0.26026061177253723,0.2660280764102936,0.2707124650478363,0.29064974188804626,0.2832040786743164,0.28699299693107605,0.2910493314266205,0.3127421736717224,0.30233660340309143,0.3041434586048126,0.30840593576431274,0.6030698418617249,0.5897393822669983,0.5644506216049194,0.5316396951675415,0.5055680274963379,0.5376307368278503,0.4886094927787781,0.5013967752456665,0.5208425521850586,0.52591872215271,0.4807256758213043,0.49216389656066895,0.5117034912109375,0.5169901847839355,0.48000624775886536,0.4902348816394806,0.5085100531578064,0.511549711227417,0.4795512557029724,0.4905537962913513,0.5068807005882263,-1.6099835420391173e-07,0.0010562051320448518,-0.002851190511137247,-0.007910714484751225,-0.01127871684730053,-0.006689461413770914,-0.013942078687250614,-0.017493033781647682,-0.01850900799036026,-0.011460334062576294,-0.014370646327733994,-0.013515952043235302,-0.012910251505672932,-0.016061758622527122,-0.016951454803347588,-0.011205920949578285,-0.007681920193135738,-0.02065434865653515,-0.01902083493769169,-0.011646747589111328,-0.006204547826200724
0.3048437833786011,0.26669472455978394,0.24254408478736877,0.23589497804641724,0.2416379153728485,0.2403879165649414,0.24034081399440765,0.24725733697414398,0.25051817297935486,0.2625190019607544,0.26054030656814575,0.265417218208313,0.26944151520729065,0.28543800115585327,0.2817845344543457,0.28498023748397827,0.2885577976703644,0.3070520758628845,0.30026155710220337,0.3018788993358612,0.30540725588798523,0.599308431148529,0.5840464234352112,0.5556249022483826,0.5222052335739136,0.498412162065506,0.5261552929878235,0.4826377332210541,0.49417656660079956,0.5114832520484924,0.515018105506897,0.47810569405555725,0.4887983202934265,0.5059870481491089,0.5079987645149231,0.47728776931762695,0.4874725341796875,0.5039026737213135,0.5056334733963013,0.4793192148208618,0.49038368463516235,0.5047160387039185,-1.5256820518061431e-07,0.002536374144256115,0.0004685770545620471,-0.0028460542671382427,-0.0048514497466385365,-0.003196916077286005,-0.008099867962300777,-0.010794533416628838,-0.011770626530051231,-0.007907300256192684,-0.008638094179332256,-0.007530843373388052,-0.007280072197318077,-0.012335087172687054,-0.011641919612884521,-0.006166750565171242,-0.003232997842133045,-0.016712360084056854,-0.013817472383379936,-0.006385626271367073,-0.0010330008808523417
